47 852
124 832
200 806
278 793
354 771
430 752
507 733
583 715
660 692
736 672
812 658
889 641
965 624
1041 608
1118 588
1194 603
1272 553
1348 549
1424 524
1501 503
1577 473
1654 469
1730 497
1806 440
1883 422
1959 404
2036 394
2112 376
2188 362
2266 326
2342 335
2419 342
2495 289
2571 285
2648 282
2724 258
2800 238
2877 233
2953 198
3030 201
3106 187
3182 178
3260 158
3336 145
3413 135
3489 122
3565 108
3642 115
3718 88
3795 72
3871 61
3947 50
4024 31
4100 40
4176 60
4254 60
4330 88
4407 122
4483 142
4559 153
4636 178
4712 187
4789 212
4865 233
4941 260
5018 251
5094 287
5170 304
5248 324
5324 335
5401 345
5477 368
5554 388
5630 417
5706 424
5783 435
5859 456
5935 444
6012 488
6088 504
6165 511
6242 537
6318 546
6395 564
6471 583
6548 595
6624 609
6700 625
6777 644
6853 634
6929 666
7006 678
7082 695
7159 717
7236 743
7313 730
7389 752
7465 761
7542 768
7618 797
7694 798
7771 811
7847 826
7924 834
8000 849
8076 859
8153 857
8230 837
8307 811
8383 796
8459 785
8536 748
8612 736
8688 720
8765 699
8841 680
8918 660
8994 643
9070 628
9147 609
9224 587
9301 583
9377 564
9453 528
9530 522
9606 506
9683 492
9759 471
9835 449
9912 442
9988 424
10064 410
10141 387
10218 390
10295 355
10371 347
10447 333
10524 306
10600 303
10677 283
10753 256
10829 260
10906 244
10982 231
11059 221
11135 203
11212 189
11289 183
11365 163
11442 158
11518 114
11594 124
11671 111
11747 102
11823 88
11900 113
11976 67
12053 22
12129 39
12207 30
12283 52
12360 84
12436 93
12513 117
12589 137
12665 153
12742 172
12818 189
12895 213
12971 246
13047 249
13124 266
13200 279
13278 303
13354 330
13430 335
13507 354
13583 374
13659 402
13736 393
13812 420
13889 444
13965 453
14041 471
14118 487
14194 498
14272 516
14348 533
14424 544
14501 554
14577 564
14654 590
14730 607
14806 627
14883 634
14959 647
15035 664
15112 677
15188 690
15266 697
15342 713
15419 741
15495 750
15571 759
15648 767
15724 784
15800 809
15877 801
15953 831
16030 834
16106 845
16182 868
16260 859
16336 866
16413 817
16489 799
16565 781
16642 747
16718 739
16794 722
16871 728
16947 684
17024 666
17100 647
17176 614
17254 585
17330 592
17407 571
17483 557
17559 542
17636 526
17712 506
17789 492
17865 475
17941 469
18018 462
18094 426
18170 412
18248 397
18324 384
18401 342
18477 337
18553 333
18630 318
18706 308
18783 299
18859 279
18935 243
19012 249
19088 234
19165 220
19242 210
19318 122
19395 178
19471 179
19548 170
