48 891
154 876
261 868
367 844
474 866
581 801
687 785
794 761
900 750
1007 734
1113 722
1219 703
1326 688
1432 669
1540 662
1646 692
1752 624
1859 603
1965 599
2072 568
2178 567
2284 552
2391 542
2498 527
2605 514
2711 500
2817 487
2924 476
3030 461
3137 454
3243 390
3349 430
3456 422
3563 373
3670 392
3776 374
3882 360
3989 357
4095 347
4201 338
4308 328
4414 312
4522 303
4628 305
4735 221
4841 291
4947 266
5054 250
5160 244
5266 242
5373 227
5479 214
5587 207
5693 202
5799 191
5906 182
6012 175
6119 171
6225 151
6331 147
6438 143
6545 138
6652 128
6758 113
6864 108
6971 101
7077 98
7184 85
7290 77
7396 68
7504 66
7610 67
7717 135
7823 41
7929 36
8036 31
8142 28
8248 16
8355 10
8461 6
8569 3
8675 26
8782 45
8888 70
8994 81
9101 94
9207 117
9313 134
9420 137
9527 221
9634 187
9740 188
9846 213
9953 229
10059 240
10166 259
10272 275
10378 287
10485 307
10592 319
10699 331
10805 345
10911 359
11018 373
11124 385
11231 397
11337 411
11443 423
11551 428
11657 450
11764 457
11870 503
11976 474
12083 498
12189 508
12295 519
12402 540
12509 537
12616 556
12722 564
12828 574
12935 587
13041 599
13148 606
13254 618
13360 608
13467 614
13574 645
13681 655
13787 684
13893 651
14000 674
14106 699
14213 701
14319 715
14425 720
14533 740
14639 739
14746 747
14852 743
14958 762
15065 770
15171 740
15278 791
15384 801
15491 805
15598 801
15704 837
15811 813
15917 831
16023 838
16130 848
16236 841
16342 836
16449 864
16556 872
16663 889
16769 910
16875 890
16982 900
17088 879
17195 861
17301 846
17407 831
17515 820
17621 791
17728 778
17834 762
17940 743
18047 729
18153 713
18260 687
18366 674
18472 665
18580 659
18686 624
18793 622
18899 605
19005 592
19112 579
19218 552
19325 548
19431 537
19538 522
19645 509
19751 467
19858 479
19964 473
20070 477
20177 452
20283 439
20389 422
20497 411
20603 398
20710 384
20816 374
20923 365
21029 352
21135 336
21242 382
21348 327
21454 313
21562 273
21668 293
21775 282
21881 270
21987 261
22094 248
22200 251
22307 231
22413 224
22520 212
22627 162
22733 203
22840 173
22946 178
23052 179
23159 169
23265 161
23372 145
23478 138
23585 128
23692 116
23798 110
23905 105
24011 97
24117 91
24224 82
24330 55
24436 68
24544 58
24650 59
24757 52
24863 39
24970 31
25076 40
25182 18
25289 11
25395 7
25503 6
25609 17
25715 34
25822 49
25928 70
26034 82
26141 110
26247 132
26354 137
26460 158
26567 169
26674 188
26780 204
26887 217
26993 233
27099 259
27206 264
