48 887
124 864
201 858
277 789
354 815
430 797
506 781
583 762
659 752
735 729
812 728
888 697
966 679
1042 660
1118 629
1195 644
1271 616
1348 616
1424 588
1500 561
1577 557
1653 535
1730 533
1806 510
1882 501
1960 484
2036 470
2113 459
2189 457
2265 428
2342 415
2418 399
2494 385
2571 368
2647 360
2724 348
2800 342
2876 320
2953 310
3029 298
3106 286
3182 275
3259 263
3335 254
3411 239
3488 228
3564 213
3640 198
3717 191
3793 177
3870 167
3946 159
4023 151
4100 139
4176 132
4253 97
4329 149
4405 93
4482 85
4558 80
4635 55
4711 57
4787 38
4864 34
4940 24
5018 11
5094 14
5170 29
5247 32
5323 54
5399 63
5476 89
5552 104
5629 122
5705 139
5781 157
5858 172
5934 190
6012 207
6088 227
6164 240
6241 244
6317 275
6394 286
6470 301
6546 319
6623 335
6699 345
6775 345
6852 386
6928 391
7006 407
7082 422
7158 436
7235 448
7311 455
7388 477
7464 489
7540 503
7617 473
7693 523
7769 551
7846 555
7922 569
8000 588
8076 596
8153 587
8229 629
8305 630
8382 624
8458 655
8534 660
8611 679
8687 689
8764 704
8840 692
8916 715
8994 725
9070 741
9147 757
9223 765
9299 781
9376 767
9452 806
9528 812
9605 832
9681 828
9758 829
9834 852
9910 866
9988 874
10064 881
10141 890
10217 898
10293 880
10370 863
10446 846
10523 826
10599 810
10675 794
10752 777
10828 749
10904 746
10982 726
11058 701
11135 685
11211 682
11287 658
11364 652
11440 626
11517 605
11593 596
11669 570
11746 565
11822 551
11899 534
11976 521
12052 492
12129 491
12205 477
12282 464
12358 450
12434 429
12511 424
12587 408
12663 397
12740 373
12816 364
12893 388
12970 343
13046 332
13123 313
13199 308
13276 304
13352 278
13428 265
13505 257
13581 245
13658 241
13734 222
13810 213
13887 199
13964 188
14041 176
14117 152
14193 161
14270 147
14346 136
14422 120
14499 101
14575 101
14652 78
14728 80
14804 73
14881 56
14958 49
15035 48
15111 31
15187 18
15264 12
15340 3
15417 30
15493 46
15569 57
15646 78
15722 93
15798 110
15875 134
15951 145
16029 163
16105 178
16181 196
16258 225
16334 222
16411 232
16487 263
16563 276
16640 296
16716 309
16792 325
16869 335
16945 352
17023 370
17099 383
17176 406
17252 411
17328 422
17405 439
17481 454
17557 467
17634 456
17710 490
17787 477
17863 521
17939 534
18017 547
18093 578
18170 560
18246 585
18322 599
18399 617
18475 635
18552 642
18628 644
18704 663
18781 671
18857 683
18933 693
19011 706
19087 704
19164 730
19240 725
19316 748
19393 733
19469 764
19546 784
