47 904
155 880
261 861
368 826
474 823
580 808
687 762
793 765
900 746
1006 725
1112 703
1220 683
1326 669
1433 654
1539 639
1645 624
1752 605
1858 588
1964 570
2071 557
2178 534
2285 520
2391 505
2498 479
2604 482
2710 453
2817 451
2923 437
3029 426
3137 409
3243 395
3350 379
3456 361
3562 396
3669 280
3775 327
3882 318
3988 302
4094 283
4202 271
4308 267
4415 256
4521 254
4627 239
4734 221
4840 207
4947 219
5053 171
5160 172
5267 164
5373 158
5480 137
5586 146
5692 138
5799 115
5905 105
6012 95
6118 84
6225 75
6332 66
6438 56
6545 67
6651 40
6757 29
6864 32
6970 14
7076 0
7184 19
7290 45
7397 0
7503 90
7609 102
7716 121
7822 134
7929 156
8035 197
8143 197
8249 214
8355 229
8462 251
8568 262
8674 287
8781 301
8887 319
8994 336
9100 350
9207 367
9314 391
9420 416
9527 414
9633 332
9739 446
9846 465
9952 478
10059 486
10166 499
10272 524
10379 545
10485 541
10592 552
10698 568
10804 582
10911 603
11017 607
11123 620
11231 619
11337 650
11444 651
11550 675
11656 680
11763 696
11869 698
11976 713
12082 725
12190 734
12296 747
12402 757
12509 768
12615 781
12721 799
12828 788
12934 812
13041 821
13148 823
13254 838
13361 846
13467 872
13574 864
13680 876
13786 849
13893 892
13999 900
14106 909
14213 905
14319 910
14426 870
14532 832
14639 821
14745 807
14851 788
14958 764
15064 744
15172 726
15278 709
15384 691
15491 673
15597 658
15704 664
15810 622
15916 607
16023 588
16129 576
16237 564
16343 542
16449 527
16556 509
16662 497
16768 481
16875 465
16981 450
17088 440
17195 478
17301 421
17408 387
17514 369
17621 363
17727 354
17833 349
17940 329
18046 314
18154 303
18260 290
18366 277
18473 267
18579 261
18686 174
18792 229
18898 184
19005 208
19111 191
19219 183
19325 175
19431 163
19538 153
19644 140
19751 134
19857 123
19963 118
20070 109
20177 101
20284 79
20390 72
20496 103
20603 3
20709 39
20815 40
20922 28
21028 19
21136 7
21242 0
21349 22
21455 40
21561 62
21668 154
21774 98
21881 138
21987 142
22093 156
22201 174
22307 202
22414 214
22520 240
22626 249
22733 266
22839 285
22945 307
23052 318
23159 336
23266 350
23372 359
23479 354
23585 379
23691 425
23798 427
23904 442
24010 457
24117 470
24224 487
24331 501
24437 515
24543 504
24650 541
24756 581
24863 559
24969 583
25075 592
25183 607
25289 620
25396 636
25502 641
25608 656
25715 668
25821 677
25928 672
26034 702
26141 712
26248 695
26354 724
26461 741
26567 760
26673 767
26780 777
26886 795
26993 799
27099 809
27206 817
