47 888
304 838
561 808
818 781
1074 750
1330 717
1588 698
1844 674
2101 650
2357 599
2615 606
2871 577
3127 573
3385 540
3641 521
3898 501
4154 507
4411 482
4668 448
4924 430
5181 402
5438 394
5695 383
5951 368
6207 354
6465 312
6721 330
6978 312
7234 314
7491 288
7748 285
8004 248
8261 251
8518 234
8774 232
9031 228
9287 207
9545 209
9801 195
10057 183
10314 180
10571 168
10828 149
11084 151
11340 138
11598 135
11854 133
12111 124
12367 116
12625 110
12881 101
13137 105
13395 132
13651 96
13908 77
14164 88
14422 80
14678 67
14934 60
15191 54
15448 71
15705 47
15961 47
16217 40
16475 33
16731 32
16988 26
17244 115
17501 66
17758 97
18014 123
18271 135
18528 143
18785 204
19041 231
19297 245
19555 292
19811 296
20068 321
20324 341
20581 384
20838 387
21094 413
21351 419
21608 442
21864 457
22121 469
22377 493
22635 507
22891 520
23148 536
23405 549
23661 569
23918 571
24174 588
24432 591
24688 613
24944 637
25201 641
25458 651
25715 659
25971 668
26227 678
26485 690
26741 701
26998 708
27254 723
27512 720
27768 741
28024 743
28281 750
28538 760
28795 839
29051 772
29307 780
29565 785
29821 733
30078 799
30334 802
30592 811
30848 825
31104 822
31361 828
31618 838
31875 840
32131 840
32388 844
32645 855
32901 858
33158 857
33415 863
33671 867
33928 869
34184 879
34442 849
34698 817
34955 798
35211 761
35468 737
35725 708
35981 692
36238 659
36495 630
36751 566
37008 575
37264 567
37522 549
37778 550
38034 500
38291 491
38548 471
38805 444
39061 430
39317 426
39575 393
39831 382
40088 373
40344 361
40602 353
40858 330
41114 319
41371 306
41628 308
41885 316
42141 276
42399 257
42655 264
42911 227
43168 218
43425 209
43682 207
43938 199
44194 187
44452 173
44708 170
44965 166
45221 170
45478 146
45735 140
45991 131
46248 127
46505 118
46761 106
47018 121
47274 112
47532 93
47788 87
48045 66
48301 82
48558 83
48815 67
49071 49
49328 67
49585 36
49841 46
50098 46
50354 47
50612 37
50868 26
51124 39
51382 19
51638 55
51895 89
52151 116
52409 149
52665 169
52921 194
53178 219
53435 248
53692 269
53948 292
54204 343
54462 321
54718 357
54975 374
55231 385
55489 416
55745 425
56001 437
56258 475
56515 479
56772 499
57028 542
57284 548
57542 536
57798 558
58055 574
58311 565
58568 592
58825 600
59081 622
59338 634
59595 655
59851 653
60108 667
60364 666
60622 685
60878 699
61135 717
61392 787
61648 718
61905 730
62161 720
62419 725
62675 758
62931 762
63188 769
63445 767
63702 784
63958 798
64214 796
64472 798
64728 808
64985 814
65241 819
65499 832
