48 888
304 858
561 813
818 777
1074 740
1331 714
1588 695
1844 649
2101 620
2357 581
2615 569
2871 537
3128 512
3384 487
3641 462
3898 434
4154 415
4411 395
4668 372
4924 351
5181 334
5437 320
5695 292
5951 273
6207 279
6464 244
6720 224
6977 206
7233 170
7491 169
7747 157
8004 147
8260 138
8517 122
8774 107
9030 74
9287 82
9544 72
9800 62
10057 61
10313 48
10571 33
10827 18
11083 10
11340 23
11597 56
11854 87
12110 130
12366 175
12624 196
12880 226
13137 255
13393 294
13651 314
13907 341
14163 379
14420 386
14677 429
14934 444
15190 448
15446 476
15704 510
15960 534
16217 540
16474 547
16731 592
16987 613
17243 631
17501 675
17757 667
18014 686
18270 705
18527 717
18784 727
19040 744
19297 743
19554 768
19810 783
20067 798
20323 809
20581 817
20837 833
21094 846
21350 854
21607 878
21864 879
22120 881
22377 893
22634 868
22890 831
23147 794
23403 763
23661 804
23917 697
24173 662
24430 617
24687 598
24944 576
25200 552
25456 562
25714 504
25970 474
26227 450
26484 426
26741 434
26997 381
27253 360
27511 336
27767 330
28024 303
28280 292
28538 278
28794 250
29050 231
29307 217
29564 199
29821 180
30077 166
30333 174
30591 123
30847 130
31104 106
31360 101
31617 87
31874 82
32130 66
32387 42
32644 55
32900 31
33157 25
33413 0
33671 24
33927 23
34184 73
34440 110
34697 152
34954 177
35210 208
35467 241
35724 247
35980 299
36237 329
36494 342
36751 382
37007 405
37263 433
37521 470
37777 467
38034 503
38290 522
38548 546
38804 572
39060 590
39317 602
39574 621
39831 630
40087 651
40343 675
40601 690
40857 730
41114 768
41370 729
41628 749
41884 765
42140 776
42397 787
42654 788
42911 813
43167 826
43423 836
43681 850
43937 854
44194 869
44450 878
44707 889
44964 886
45220 857
45478 811
45734 778
45991 744
46247 720
46504 680
46761 643
47017 619
47274 590
47531 564
47787 570
48044 505
48300 470
48558 458
48814 441
49070 458
49327 403
49584 369
49841 351
50097 309
50353 313
50611 288
50867 275
51124 256
51380 238
51638 222
51894 216
52150 194
52407 178
52664 161
52921 130
53177 130
53433 120
53691 109
53947 97
54204 94
54460 76
54718 59
54974 50
55230 73
55488 3
55744 20
56001 12
56257 19
56514 57
56771 91
57027 101
57284 153
57541 181
57798 225
58054 255
58310 268
58568 314
58824 344
59081 368
59337 387
59594 428
59851 439
60107 466
60364 480
60621 468
60877 532
61134 552
61390 574
61648 592
61904 613
62160 646
62417 647
62674 665
62931 682
63187 677
63443 706
63701 719
63957 742
64214 757
64471 766
64728 780
64984 798
65240 808
65498 825
