48 907
306 814
562 791
818 762
1075 738
1332 704
1589 675
1845 646
2101 625
2359 601
2615 577
2872 550
3128 530
3386 519
3642 490
3898 471
4155 451
4412 423
4669 415
4925 400
5181 382
5439 345
5695 364
5952 303
6208 319
6465 302
6722 286
6978 270
7236 251
7492 246
7749 235
8005 242
8262 195
8519 203
8775 192
9032 182
9289 176
9545 162
9802 144
10058 142
10316 132
10572 125
10828 119
11085 62
11342 96
11599 91
11855 87
12111 71
12369 66
12625 54
12882 53
13138 50
13396 45
13652 38
13908 81
14165 115
14422 143
14679 167
14935 200
15191 225
15449 264
15705 275
15962 303
16218 328
16476 347
16732 370
16988 393
17246 414
17502 427
17759 455
18015 468
18272 489
18529 546
18785 518
19042 477
19299 553
19555 579
19812 591
20068 599
20326 577
20582 625
20839 642
21095 668
21352 672
21609 680
21865 692
22122 712
22379 693
22635 649
22892 727
23148 743
23406 750
23662 753
23918 766
24175 780
24432 787
24689 784
24945 801
25201 766
25459 789
25715 822
25972 838
26229 838
26486 884
26743 853
26999 858
27257 841
27513 801
27769 762
28026 759
28283 722
28540 696
28796 671
29052 637
29310 605
29566 593
29823 569
30079 546
30336 521
30593 458
30849 488
31106 465
31363 446
31620 415
31876 410
32132 392
32390 373
32646 357
32903 337
33159 326
33416 311
33673 297
33929 320
34186 269
34443 256
34699 249
34956 219
35212 220
35470 205
35726 221
35982 179
36240 187
36496 166
36753 142
37009 158
37267 70
37523 123
37779 97
38036 91
38293 113
38550 98
38806 87
39062 110
39320 73
39576 80
39833 61
40089 51
40347 49
40603 42
40859 88
41116 91
41373 122
41630 152
41886 172
42142 209
42400 228
42656 259
42913 285
43169 311
43426 332
43683 356
43939 377
44196 358
44453 423
44710 419
44966 454
45222 415
45480 494
45736 510
45993 536
46250 505
46506 561
46763 579
47019 584
47277 583
47533 616
47789 634
48046 648
48303 653
48560 677
48816 682
49072 700
49330 716
49586 717
49843 730
50099 747
50357 755
50613 757
50869 767
51126 785
51383 784
51640 791
51896 801
52152 804
52410 852
52666 813
52923 828
53179 835
53437 843
53693 849
53949 836
54206 858
54463 835
54720 798
54976 817
55233 733
55490 716
55746 685
56003 656
56260 633
56517 613
56773 591
57029 563
57287 543
57543 525
57800 496
58056 478
58313 457
58570 438
58826 420
59083 407
59340 394
59596 365
59853 350
60109 342
60367 341
60623 306
60879 292
61136 276
61393 329
61650 260
61906 241
62162 228
62420 217
62676 197
62933 189
63189 182
63447 177
63703 165
63959 155
64216 167
64473 131
64730 119
64986 118
65244 80
65500 103
