48 815
124 772
201 750
277 724
353 704
430 680
506 650
582 640
659 611
736 585
813 558
889 542
966 516
1042 502
1118 480
1195 460
1271 439
1347 414
1424 403
1500 354
1577 357
1653 336
1730 316
1807 267
1883 286
1960 261
2036 230
2112 224
2189 196
2265 177
2342 176
2418 150
2494 134
2571 112
2647 97
2725 32
2801 62
2877 48
2954 29
3030 15
3106 34
3183 64
3259 86
3336 114
3412 136
3488 157
3565 181
3641 211
3719 231
3795 242
3871 273
3948 299
4024 318
4101 313
4177 361
4253 379
4330 407
4406 421
4482 451
4559 459
4635 542
4713 503
4789 522
4865 543
4942 568
5018 584
5095 598
5171 620
5247 633
5324 665
5400 671
5476 690
5553 707
5629 724
5707 739
5783 764
5860 771
5936 795
6012 809
6089 807
6165 777
6241 765
6318 700
6394 705
6471 681
6547 668
6623 641
6701 612
6777 590
6854 563
6930 527
7006 527
7083 509
7159 479
7235 459
7312 441
7388 422
7465 394
7541 379
7617 363
7695 338
7771 321
7848 301
7924 267
8000 240
8077 243
8153 225
8230 206
8306 208
8382 169
8459 126
8535 134
8611 116
8689 97
8765 80
8842 65
8918 46
8994 29
9071 14
9147 37
9224 0
9300 87
9376 109
9453 133
9529 157
9606 180
9683 204
9759 244
9836 249
9912 267
9989 292
10065 342
10141 344
10218 358
10294 375
10370 398
10447 419
10523 447
10600 462
10677 481
10753 499
10830 514
10906 539
10983 528
11059 575
11135 592
11212 614
11288 632
11365 650
11441 648
11517 712
11594 705
11671 714
11748 734
11824 750
11900 769
11977 790
12053 799
12130 804
12206 774
12282 756
12359 731
12435 706
12511 683
12588 651
12664 637
12742 613
12818 592
12894 570
12971 547
13047 537
13124 505
13200 482
13276 459
13353 443
13429 422
13505 399
13582 390
13658 363
13736 343
13812 317
13889 300
13965 283
14041 263
14118 245
14194 226
14270 208
14347 187
14423 162
14500 178
14576 135
14652 120
14730 100
14806 72
14883 119
14959 47
15035 0
15112 15
15188 32
15265 55
15341 85
15417 115
15494 134
15570 154
15646 171
15724 202
15800 223
15877 243
15953 268
16029 291
16106 312
16182 341
16259 348
16335 375
16411 395
16488 416
16564 452
16640 449
16718 475
16794 500
16871 518
16947 541
17024 559
17100 587
17176 592
17253 610
17329 633
17405 647
17482 663
17558 682
17635 708
17712 720
17788 737
17865 753
17941 773
18018 793
18094 807
18170 808
18247 776
18323 764
18399 734
18476 711
18552 685
18629 664
18706 578
18783 626
18859 587
18935 573
19012 553
19088 537
19164 512
19241 480
19317 464
19394 444
19470 422
19546 397
