1.93 0.24 599.12 53.91
20.81 8.85 621.37 13.87
37.18 9.01 608.00 10.25
53.68 8.88 597.43 10.51
70.06 8.78 583.68 8.94
86.37 8.96 568.87 10.18
102.93 8.82 559.25 9.13
119.62 9.03 545.25 8.12
136.00 8.90 534.50 9.82
152.68 8.79 520.62 8.49
169.00 8.99 508.87 7.98
185.56 8.84 496.93 8.01
201.87 9.03 483.25 7.40
218.31 8.91 472.43 7.23
234.68 8.79 461.68 6.59
251.06 8.97 449.00 8.22
267.56 8.84 438.56 7.13
283.87 8.99 425.25 10.91
300.50 8.86 416.62 6.69
316.81 8.76 417.06 32.84
333.12 8.96 396.18 6.31
349.56 8.84 385.62 6.39
366.00 8.96 356.87 43.16
382.43 8.88 365.68 6.16
398.87 9.00 357.00 5.40
415.25 9.18 353.25 21.31
431.75 9.04 339.62 6.81
448.12 9.18 331.93 5.46
464.43 9.10 313.12 38.52
480.87 9.00 315.18 5.65
497.68 9.18 308.00 5.28
514.18 9.01 301.56 5.85
530.56 9.18 296.81 4.26
546.81 9.12 289.31 4.04
563.31 8.97 277.37 18.08
579.68 9.18 281.87 6.44
596.12 9.03 273.18 4.43
612.62 9.16 268.37 9.18
628.81 9.12 263.56 4.17
645.31 8.97 261.12 3.46
661.68 9.17 257.00 7.41
678.18 9.01 253.62 3.94
694.62 9.16 251.25 2.66
710.87 9.10 250.31 4.40
727.37 8.95 246.93 4.01
743.68 9.13 246.37 3.41
760.18 9.01 243.25 12.33
776.87 9.06 244.87 3.90
793.12 9.05 243.25 18.98
809.56 8.90 254.31 32.50
826.00 9.05 244.31 3.20
842.31 9.00 237.31 22.47
858.75 8.85 249.87 11.35
875.25 8.99 249.56 3.06
891.62 8.87 243.87 34.77
908.06 9.02 254.68 2.59
924.25 8.99 257.81 2.33
940.81 8.82 260.18 30.05
957.25 8.99 265.06 4.34
973.68 8.84 270.18 4.98
990.12 8.99 280.81 17.72
1006.37 8.93 281.50 9.84
1023.06 8.76 285.25 4.45
1039.43 8.96 285.25 18.48
1055.93 8.80 296.18 3.54
1072.43 8.94 303.81 4.46
1088.62 8.89 309.00 4.90
1105.06 8.77 315.62 3.89
1121.50 8.94 323.56 4.77
1137.87 8.82 328.00 18.59
1154.37 8.97 339.31 4.18
1170.68 8.93 347.56 5.67
1187.12 8.78 361.25 13.45
1203.56 8.95 365.06 5.31
1219.87 8.85 374.43 5.57
1236.31 8.96 384.25 6.39
1252.75 8.91 392.31 6.57
1269.12 8.76 410.00 22.13
1285.62 8.93 413.43 11.09
1302.00 8.81 424.12 5.73
1318.37 8.68 436.50 7.04
1334.81 8.89 439.81 16.36
1351.18 8.74 456.25 6.45
1367.62 8.90 461.50 15.68
1383.93 8.84 480.00 7.59
1400.62 9.10 489.62 6.40
1416.93 9.10 509.37 22.18
1433.31 8.96 512.56 7.59
1449.75 9.11 525.12 7.36
1466.06 9.05 538.62 34.15
1482.68 9.16 550.37 8.71
1498.87 9.14 560.18 7.19
1515.43 8.99 570.56 32.73
1531.81 9.13 585.68 8.23
1548.18 9.09 596.50 6.98
1564.62 9.20 617.43 28.72
1580.87 9.14 621.68 10.88
1597.37 9.02 632.56 7.16
1613.75 9.13 648.81 25.79
1630.12 9.12 657.06 6.17
1646.68 9.16 669.93 7.68
1662.87 9.14 678.06 33.21
1679.43 8.99 693.37 8.45
1695.81 9.11 705.56 6.84
1712.12 9.12 715.81 10.45
1728.50 8.97 727.56 5.16
1744.93 9.11 740.43 6.36
1761.43 8.99 750.62 8.54
1777.87 9.11 763.31 11.92
1794.18 9.11 774.43 9.35
1810.62 8.96 778.93 24.63
1826.93 9.11 795.50 6.14
1843.43 9.02 813.31 19.98
1859.87 9.11 817.75 10.54
1876.25 9.09 825.37 6.43
1892.68 8.93 838.62 17.42
1909.00 9.08 843.56 9.97
1925.43 9.01 854.31 6.53
1941.87 9.11 874.31 28.17
1958.12 9.05 871.93 8.05
1974.75 8.91 880.12 5.70
1991.06 9.04 887.31 22.28
2007.43 9.01 898.43 6.17
2024.31 9.16 905.06 6.69
2040.50 9.10 907.87 15.68
2057.12 8.94 919.18 5.33
2073.43 9.10 926.06 5.87
2089.81 9.05 929.18 12.21
2106.37 9.14 942.62 15.76
2122.56 9.07 943.62 6.47
2139.06 8.95 950.25 6.65
2155.43 9.10 956.68 10.67
2171.75 9.07 958.81 4.97
2188.18 8.97 963.50 9.37
2204.56 9.11 968.43 4.21
2221.06 8.95 971.31 3.82
2237.43 9.10 976.50 8.61
2253.81 9.05 976.37 4.75
2270.31 8.93 979.43 3.48
2286.56 9.08 976.18 22.92
2303.18 8.90 984.06 4.13
2319.56 9.06 984.81 16.69
2335.93 9.01 988.18 17.60
2352.31 8.88 986.75 2.56
2368.62 9.06 991.56 17.19
2385.12 8.93 984.31 15.75
2401.68 9.27 985.12 4.24
2418.00 9.20 986.06 7.83
2434.50 9.32 987.50 15.39
2450.75 9.27 982.50 2.85
2467.25 9.14 976.81 5.21
2483.75 9.35 977.87 4.92
2500.06 9.27 973.75 3.19
2516.62 9.37 967.06 17.44
2532.81 9.31 966.68 8.13
2549.31 9.21 964.43 2.92
2565.75 9.35 965.75 22.09
2582.00 9.29 955.81 7.49
2598.43 9.16 950.12 3.46
2614.81 9.31 932.06 39.65
2631.18 9.22 939.75 3.96
2647.75 9.35 934.18 5.28
2663.93 9.32 924.25 8.91
2680.50 9.14 921.12 3.18
2696.87 9.29 913.37 4.27
2713.31 9.18 902.93 13.69
2729.81 9.33 898.12 6.85
2745.93 9.29 892.06 5.25
2762.50 9.14 885.25 9.82
2778.93 9.29 876.31 4.27
2795.31 9.19 868.62 11.06
2811.81 9.30 861.50 11.10
2828.00 9.29 848.43 6.30
2844.62 9.14 846.50 19.49
2860.93 9.29 835.06 12.92
2877.25 9.21 822.43 6.04
2893.87 9.27 812.00 16.77
2910.06 9.26 803.75 4.94
2926.62 9.14 791.18 6.37
2942.93 9.30 781.18 7.01
2959.31 9.18 772.12 10.59
2975.93 9.26 761.12 6.89
2992.12 9.20 752.12 12.00
3008.56 9.13 740.68 17.88
3025.06 9.24 728.25 7.20
3041.31 9.23 717.87 12.52
3057.93 9.06 702.06 9.86
3074.18 9.19 694.12 7.17
3090.62 9.14 682.93 19.64
3107.12 9.22 673.25 6.73
3123.37 9.21 659.87 8.09
3139.93 9.06 638.50 54.19
3156.18 9.19 637.81 7.99
3172.62 9.14 626.62 6.41
3189.12 9.22 616.68 12.96
3205.37 9.21 604.31 7.17
3221.81 9.12 592.62 7.40
3238.18 9.19 579.56 10.00
3254.56 9.16 570.25 8.69
3271.12 9.22 560.56 7.38
3287.31 9.21 552.37 14.98
3303.93 9.08 535.68 11.79
3320.25 9.17 523.93 11.98
3336.56 9.16 520.06 16.48
3353.18 9.21 506.87 9.06
3369.37 9.15 500.43 24.62
3385.87 9.10 494.81 23.22
3402.37 9.38 477.56 3.97
3418.68 9.37 459.81 11.90
3435.25 9.46 456.68 7.03
3451.43 9.37 449.25 5.27
3467.93 9.32 439.62 7.05
3484.43 9.41 431.43 8.28
3500.75 9.40 420.12 9.56
3517.31 9.49 413.00 9.05
3533.43 9.41 398.00 18.73
3550.00 9.35 395.75 5.88
3566.43 9.41 387.68 17.93
3582.75 9.40 383.87 13.10
3599.31 9.49 372.25 6.47
3615.43 9.41 369.75 21.62
3631.93 9.39 362.68 9.87
3648.43 9.41 353.62 4.81
3664.68 9.41 348.81 32.76
3681.25 9.53 341.25 5.49
3697.50 9.39 336.43 5.60
3714.00 9.37 328.00 11.26
3730.43 9.43 325.87 5.23
3746.68 9.39 321.81 5.08
3763.25 9.53 318.43 9.97
3779.50 9.39 315.68 5.44
3796.06 9.37 313.43 7.28
3812.43 9.43 306.56 16.70
3828.68 9.36 306.93 5.14
3845.18 9.55 299.00 15.13
3861.50 9.39 301.56 16.35
3878.00 9.39 297.93 6.25
3894.43 9.43 300.62 13.05
3910.56 9.38 296.75 6.02
3927.18 9.30 296.06 2.88
3943.50 9.39 297.50 4.54
3960.00 9.33 296.12 8.64
3976.43 9.45 296.37 4.17
3992.56 9.37 298.06 4.38
4009.25 9.28 298.43 4.43
4025.56 9.37 300.31 3.23
4042.00 9.33 303.25 4.82
4058.50 9.44 305.37 7.08
4074.68 9.38 306.62 3.04
4091.18 9.33 315.00 24.38
4107.62 9.35 313.87 8.25
4124.06 9.32 316.50 3.94
4140.50 9.44 324.62 13.17
4156.62 9.35 324.25 5.10
4173.18 9.33 327.56 4.97
4189.56 9.39 337.25 13.49
4206.00 9.34 338.50 4.12
4222.50 9.44 344.06 5.30
4238.62 9.35 351.93 15.59
4255.18 9.33 355.62 4.88
4271.56 9.39 362.75 5.34
4287.93 9.35 373.62 13.32
4304.56 9.43 373.50 4.02
4320.68 9.34 381.56 20.32
4337.25 9.32 385.68 18.62
4353.62 9.38 402.68 20.53
4369.93 9.34 411.00 10.87
4386.43 9.23 411.31 9.52
4402.81 9.55 421.68 4.87
4419.31 9.51 434.31 13.23
4435.68 9.64 439.37 6.78
4452.12 9.54 449.87 10.46
4468.56 9.70 456.87 5.19
4484.87 9.58 466.56 6.75
4501.43 9.57 475.93 5.20
4517.75 9.67 485.06 7.42
4534.00 9.60 494.75 6.01
4550.56 9.75 505.18 5.39
4566.87 9.58 506.18 32.71
4583.43 9.57 525.75 7.22
4599.75 9.67 534.81 6.17
4615.93 9.57 541.68 17.85
4632.50 9.80 555.68 6.02
4648.87 9.58 565.37 6.61
4665.37 9.59 565.75 39.71
4681.81 9.66 588.18 8.43
4698.00 9.56 597.25 6.76
4714.56 9.78 607.00 18.55
4730.87 9.61 619.00 6.75
4747.43 9.57 628.75 6.99
4763.81 9.66 646.68 22.27
4779.93 9.57 650.68 8.50
4796.50 9.56 653.43 28.11
4812.87 9.61 667.25 18.70
4829.37 9.54 681.50 7.37
4845.75 9.68 689.25 11.34
4861.93 9.57 708.68 19.93
4878.50 9.56 710.00 7.54
4894.87 9.61 719.93 10.01
4911.31 9.54 711.81 47.30
4927.75 9.68 741.37 7.57
4943.93 9.57 751.68 6.87
4960.56 9.54 757.50 7.58
4976.93 9.59 768.31 4.97
4993.18 9.55 779.93 14.88
5009.75 9.70 789.18 9.65
5026.00 9.55 796.50 8.12
5042.56 9.54 805.37 8.16
5058.93 9.63 811.75 9.82
5075.25 9.55 822.06 9.25
5091.75 9.74 831.31 11.52
5108.06 9.54 840.56 14.79
5124.62 9.53 844.31 6.21
5140.93 9.63 857.56 15.57
5157.12 9.53 862.18 11.22
5173.75 9.74 865.06 6.21
5190.00 9.58 869.93 18.35
5206.62 9.53 877.50 5.85
5222.93 9.63 884.68 6.52
5239.06 9.54 878.50 24.66
5255.68 9.52 894.81 5.58
5272.00 9.58 900.31 5.32
5288.56 9.50 901.31 15.54
5305.00 9.62 904.31 23.66
5321.18 9.53 913.50 16.38
5337.75 9.51 914.12 23.08
5354.06 9.57 920.18 4.14
5370.56 9.50 927.12 10.78
5387.00 9.62 922.56 13.96
5403.31 9.74 929.50 4.39
5419.87 9.97 923.37 35.14
5436.18 9.79 936.06 8.92
5452.68 9.72 933.50 7.76
5469.06 9.88 936.75 4.27
5485.37 9.78 936.25 6.37
5501.93 10.00 939.81 5.92
5518.18 9.87 940.12 4.74
5534.62 9.82 938.43 3.37
5551.12 9.91 938.87 3.87
5567.37 9.78 941.18 9.81
5583.93 10.00 936.37 4.69
5600.25 9.83 936.12 3.97
5616.50 9.81 937.62 16.60
5633.00 9.99 931.93 3.72
5649.31 9.78 929.43 4.08
5665.87 9.78 925.81 3.91
5682.31 9.81 924.75 3.87
5698.56 9.75 919.87 3.14
5715.06 9.98 919.18 7.40
5731.37 9.77 909.37 18.49
5747.93 9.77 909.68 3.60
5764.31 9.81 908.31 15.86
5780.50 9.76 896.62 14.19
5797.06 9.98 893.43 5.27
5813.31 9.81 894.50 19.95
5829.93 9.77 883.31 4.52
5846.25 9.86 878.75 5.33
5862.50 9.76 868.00 20.56
5879.00 9.99 861.31 16.48
5895.31 9.81 858.75 13.76
5911.93 9.77 862.68 34.72
5928.25 9.86 848.00 9.73
5944.43 9.76 838.56 4.62
5961.12 9.97 826.00 16.13
5977.37 9.80 819.43 20.16
5993.87 9.78 814.37 6.44
6010.31 9.85 808.31 6.59
6026.50 9.75 799.00 4.70
6043.12 9.97 789.25 6.57
6059.43 9.80 778.68 9.41
6075.93 9.77 772.12 5.63
6092.25 9.93 764.50 8.49
6108.50 9.75 755.43 5.78
6125.12 9.74 745.12 9.19
6141.43 9.80 738.43 9.98
6157.81 9.75 728.68 7.82
6174.25 9.93 718.12 5.89
6190.50 9.75 708.68 6.09
6207.12 9.74 699.18 6.03
6223.43 9.80 689.93 5.18
6239.75 9.75 687.00 27.08
6256.18 9.96 667.56 13.76
6272.43 9.80 660.31 7.23
6289.06 9.75 656.12 25.08
6305.43 9.84 641.37 7.38
6321.81 9.75 632.12 10.02
6338.25 9.96 617.87 20.49
6354.62 9.74 611.37 7.56
6371.12 9.75 602.62 10.42
6387.43 9.84 585.62 21.65
6403.81 9.96 581.87 6.53
6420.37 10.18 567.75 15.15
6436.75 9.96 563.50 8.45
6453.25 9.96 557.43 8.16
6469.56 10.06 545.56 8.15
6485.87 10.04 537.56 9.04
6502.43 10.21 524.50 9.86
6518.75 10.00 515.43 6.75
6535.18 10.03 508.00 7.68
6551.62 10.10 497.75 19.37
6567.81 10.00 499.00 16.76
6584.43 10.21 481.68 7.02
6600.68 10.05 474.12 5.85
6617.06 10.05 466.12 6.28
6633.50 10.18 458.25 6.55
6649.81 10.00 452.43 4.36
6666.43 10.21 432.75 33.42
6682.75 10.04 438.12 8.87
6699.12 10.04 428.75 7.72
6715.50 10.21 423.81 6.17
6731.93 9.99 415.12 6.46
6748.43 10.22 410.25 5.31
6764.68 10.09 403.56 6.52
6781.12 10.04 397.43 5.74
6797.50 10.21 392.25 5.61
6813.87 9.99 386.68 25.06
6830.37 10.00 380.68 6.24
6846.68 10.09 381.31 18.09
6863.06 10.03 383.18 28.22
6879.50 10.21 370.18 5.29
6895.87 9.99 372.12 19.43
6912.37 10.00 348.37 33.64
6928.68 10.09 357.81 6.30
6945.00 10.03 356.06 8.06
6961.56 10.20 348.18 8.44
6977.87 9.99 351.43 5.68
6994.37 10.00 346.18 4.14
7010.75 10.08 346.25 7.68
7027.00 9.98 341.12 12.37
7043.56 10.20 340.68 5.52
7059.87 10.03 340.37 6.33
7076.37 10.02 341.06 5.07
7092.68 10.16 340.18 13.63
7109.12 9.98 341.31 5.76
7125.62 10.20 342.37 5.76
7141.87 10.03 339.56 20.28
7158.31 10.02 341.25 4.92
7174.68 10.16 343.18 5.81
7191.12 9.98 353.43 34.24
7207.62 10.20 346.50 4.80
7223.81 10.08 348.81 7.08
7240.31 10.02 351.87 4.30
7256.62 10.20 360.06 24.79
7273.06 9.98 356.18 4.46
7289.56 9.98 359.68 5.78
7305.93 10.08 361.43 8.87
7322.37 10.02 375.06 21.52
7338.68 10.20 373.06 15.34
7355.06 9.98 377.93 11.49
7371.62 9.98 378.25 21.22
7387.87 10.08 390.43 12.15
7404.31 10.24 390.62 5.46
7420.75 10.42 391.75 15.34
7437.12 10.21 403.50 16.79
7453.75 10.42 407.31 5.85
7469.93 10.30 416.12 6.95
7486.37 10.29 398.18 51.49
7502.81 10.46 426.87 6.83
7519.12 10.29 434.18 5.61
7535.62 10.27 440.81 5.25
7552.00 10.34 446.25 5.04
7568.37 10.29 452.62 11.10
7584.81 10.46 461.18 8.16
7601.12 10.29 469.31 6.76
7617.50 10.29 471.81 19.78
7633.93 10.39 486.25 8.22
7650.37 10.29 493.75 7.38
7666.81 10.46 497.87 13.30
7683.18 10.29 509.68 5.75
7699.56 10.29 518.25 7.93
7715.87 10.46 527.68 8.53
7732.43 10.29 536.43 6.62
7748.87 10.46 545.25 7.25
7765.18 10.29 552.81 6.09
7781.56 10.29 562.12 5.53
7797.87 10.46 570.75 7.22
7814.37 10.29 583.56 28.59
7830.87 10.46 588.31 9.40
7847.12 10.29 602.68 11.07
7863.43 10.29 602.81 21.04
7879.87 10.46 613.75 11.62
7896.31 10.24 623.00 24.87
7912.87 10.46 623.93 24.21
7929.12 10.29 644.62 6.65
7945.43 10.29 649.06 18.34
7961.93 10.46 664.81 10.11
7978.31 10.29 671.50 6.92
7994.75 10.27 680.31 7.37
8011.12 10.34 691.00 17.70
8027.50 10.28 693.87 8.15
8043.93 10.46 704.81 7.09
8060.37 10.29 714.25 17.09
8076.81 10.27 725.56 14.29
8093.12 10.39 727.43 9.02
8109.56 10.29 740.31 7.73
8126.00 10.46 747.62 6.77
8142.37 10.29 755.00 20.14
8158.81 10.27 762.31 7.50
8175.06 10.42 770.75 6.50
8191.56 10.29 781.00 11.20
8208.00 10.46 784.62 7.58
8224.31 10.29 792.68 7.27
8240.75 10.29 801.43 7.45
8257.12 10.39 805.75 7.43
8273.56 10.29 812.18 6.90
8290.00 10.46 823.56 11.48
8306.37 10.29 825.18 7.47
8322.75 10.30 827.31 26.52
8339.12 10.43 833.93 11.81
8355.56 10.25 842.06 6.25
8372.06 10.47 843.87 12.14
8388.37 10.29 857.12 26.73
