2 0
55 552
71 549
88 536
104 510
121 508
137 498
153 486
170 472
186 457
202 448
219 433
236 421
253 411
269 395
286 388
302 378
318 369
335 362
351 353
368 342
384 336
400 328
417 325
433 317
450 312
466 307
482 276
499 305
515 303
532 295
548 301
564 303
581 306
597 300
613 304
630 319
646 310
663 314
679 327
695 327
712 333
728 337
745 351
761 356
777 364
794 371
810 379
827 387
843 402
859 414
876 425
892 433
909 520
925 456
941 474
958 477
974 497
991 515
1007 504
1023 541
1040 556
1056 565
1072 583
1089 601
1105 594
1122 628
1138 641
1154 657
1171 676
1187 687
1204 700
1220 717
1237 729
1254 745
1270 757
1287 766
1303 778
1319 797
1336 803
1352 817
1368 828
1385 837
1401 847
1418 857
1434 862
1450 874
1467 882
1483 844
1500 898
1516 902
1532 949
1549 910
1565 920
1582 974
1598 924
1614 931
1631 927
1647 931
1664 932
1680 936
1696 932
1713 931
1729 939
1746 925
1762 921
1778 920
1795 913
1811 909
1827 902
1844 898
1860 888
1877 882
1893 874
1909 867
1926 857
1942 848
1959 923
1975 824
1991 819
2008 823
2024 793
2041 782
2057 766
2073 757
2090 745
2106 735
2123 720
2139 708
2155 694
2172 677
2188 664
2205 657
2221 638
2237 624
2254 611
2270 594
2287 584
2303 567
2319 557
2336 541
2352 532
2368 522
2385 507
2401 494
2418 480
2434 472
2450 459
2467 450
2483 446
2500 432
2516 422
2532 454
2549 398
2565 390
2582 391
2598 375
2614 369
2631 366
2647 360
2664 353
2680 345
2696 346
2713 346
2729 333
2746 343
2762 340
2778 342
2795 338
2811 338
2827 348
2844 344
2860 346
2877 346
2893 349
2909 358
2926 361
2942 369
2959 363
2975 382
2991 385
3008 396
3024 403
3041 409
3057 415
3073 424
3090 435
3106 445
3123 458
3139 467
3155 479
3172 494
3188 506
3205 513
3221 527
3237 537
3254 542
3270 567
3287 579
3303 591
3319 606
3336 615
3352 631
3369 646
3385 658
3401 666
3418 678
3434 692
3451 703
3467 714
3483 737
3500 738
3516 753
3533 732
3549 768
3565 780
3582 714
3598 803
3614 814
3631 821
3647 832
3664 836
3680 861
3696 854
3713 864
3729 860
3746 874
3762 874
3778 881
3795 886
3811 887
3828 888
3844 896
3860 895
3877 896
3893 892
3910 892
3926 894
3942 895
3959 896
3975 889
3992 883
4008 855
4024 880
4041 880
4057 846
4073 867
4090 856
4106 847
4123 846
4139 838
4155 829
4172 822
4188 810
4205 823
4221 796
4237 783
4254 762
4270 762
4287 756
4303 744
4319 727
4336 717
4352 703
4369 693
4385 686
4401 671
4418 656
4434 646
4451 635
4467 626
4483 607
4500 596
4516 586
4533 602
4549 562
4565 549
4582 541
4598 532
4614 521
4631 506
4647 504
4664 486
4680 463
4696 471
4713 461
4729 442
4746 439
4762 438
4778 430
4795 422
4811 413
4828 406
4844 405
4860 398
4877 395
4893 388
4910 387
4926 382
4942 385
4959 381
4975 376
4992 375
5008 373
5024 379
5041 380
5057 339
5073 379
5090 385
5106 396
5123 393
5139 392
5155 396
5172 403
5188 407
5205 418
5221 419
5237 429
5254 445
5270 442
5287 449
5303 456
5319 467
5336 474
5352 484
5369 495
5385 505
5401 510
5418 525
5434 536
5451 549
5467 557
5483 561
5500 579
5516 592
5533 619
5549 613
5565 620
5582 644
5598 645
5615 658
5631 685
5647 680
5664 690
5680 707
5696 705
5713 719
5729 734
5746 741
5762 752
5778 759
5795 772
5811 777
5828 787
5844 793
5860 806
5877 807
5893 816
5910 822
5926 827
5942 838
5959 835
5975 845
5992 848
6008 852
6024 857
6041 857
6057 848
6074 863
6090 861
6106 877
6123 866
6139 865
6155 861
6172 861
6188 859
6205 867
6221 856
6238 852
6254 854
6270 846
6287 839
6303 833
6320 827
6336 826
6352 814
6369 812
6385 801
6402 796
6418 789
6434 779
6451 772
6467 761
6483 823
6500 745
6516 733
6533 711
6549 716
6565 706
6582 703
6598 683
6615 670
6631 669
6647 654
6664 640
6680 652
6697 621
6713 611
6729 601
6746 595
6762 578
6779 572
6795 556
6811 550
6828 543
6844 534
6861 520
6877 511
6893 501
6910 490
6926 487
6942 477
6959 470
6975 462
6992 454
7008 475
7024 440
7041 438
7057 490
7074 429
7090 420
7106 380
7123 414
7139 409
7156 413
7172 403
7188 406
7205 388
7221 401
7238 404
7254 401
7270 401
7287 401
7303 404
7320 404
7336 406
7352 413
7369 414
7385 411
7401 426
7418 428
7434 431
7451 436
7467 448
7483 436
7500 460
7516 464
7533 460
7549 476
7565 487
7582 497
7598 507
7615 513
7631 524
7647 528
7664 540
7680 547
7697 563
7713 572
7729 566
7746 592
7762 602
7779 608
7795 619
7811 632
7828 643
7844 655
7860 664
7877 671
7893 680
7910 691
7926 701
7942 708
7959 720
7975 730
7992 743
8008 750
8024 752
8041 760
8057 764
8074 775
8090 787
8106 781
8123 796
8139 804
8156 808
8172 813
8188 817
8205 822
8221 831
8238 835
8254 818
8270 839
8287 839
8303 841
8320 843
8336 847
8352 841
8369 844
8385 843
8402 841
8418 842
8434 836
8451 838
8467 833
8484 816
8500 823
8516 819
8533 835
8549 812
8566 807
8582 826
8598 794
8615 786
8631 800
8647 773
8664 764
8680 755
8697 751
8713 741
8729 731
8746 725
8762 716
8779 732
8795 701
8811 690
8828 680
8844 666
8861 662
8877 652
8893 638
8910 637
8926 622
8943 609
8959 603
8975 590
8992 585
9008 612
9025 566
9041 554
9057 538
9074 540
9090 532
9106 535
9123 514
9139 505
9156 499
9172 490
9188 483
9205 481
9221 467
9238 467
9254 457
9270 453
9287 447
9303 446
9320 440
9336 438
9352 432
9369 431
9385 429
9402 423
9418 427
9434 423
9451 423
9467 426
9484 423
9500 423
9516 428
9533 428
9549 427
9566 432
9582 478
9598 435
9615 439
9631 442
9647 449
9664 454
9680 448
9697 467
9713 467
9729 481
9746 486
9762 493
9779 496
9795 511
9811 511
9828 521
9844 527
9861 536
9877 542
9893 556
9910 560
9926 571
9943 582
9959 585
9975 597
9992 606
10008 662
10025 623
10041 634
10057 691
10074 652
10090 665
10106 748
10123 680
10139 684
10156 697
10172 703
10188 710
10205 712
10221 726
10238 736
10254 749
10270 750
10287 755
10303 764
10320 770
10336 776
10352 780
10369 789
10385 788
10402 793
10418 798
10434 805
10451 809
10467 811
10484 809
10500 816
10516 817
10533 816
10549 815
10566 818
10582 786
10598 817
10615 815
10631 821
10647 815
10664 816
10680 806
10697 806
10713 807
10729 804
10746 799
10762 796
10779 774
10795 786
10811 780
10828 774
10844 767
10861 763
10877 753
10893 750
10910 744
10926 738
10943 726
10959 719
10975 714
10992 708
11008 814
11025 692
11041 684
11057 654
11074 663
11090 658
11106 628
11123 639
11139 631
11156 622
11172 614
11188 606
11205 606
11221 592
11238 582
11254 568
11270 566
11287 556
11303 545
11320 538
11336 532
11352 527
11369 522
11385 514
11402 507
11418 503
11434 502
11451 488
11467 484
11484 478
11500 473
11516 470
11533 471
11549 460
11566 458
11582 474
11598 456
11615 454
11631 453
11647 447
11664 448
11680 434
11697 450
11713 446
11729 453
11746 453
11762 453
11779 447
11795 452
11811 454
11828 461
11844 461
11861 463
11877 468
11893 472
11910 478
11926 484
11943 490
11959 495
11975 499
11992 505
12008 538
12025 517
12041 521
12057 531
12074 539
12090 545
12106 556
12123 559
12139 565
12156 575
12172 582
12188 590
12205 608
12221 605
12238 617
12254 625
12270 631
12287 635
12303 645
12320 653
12336 660
12352 670
12369 677
12385 684
12402 690
12418 706
12434 707
12451 708
12467 720
12484 729
12500 732
12516 738
12533 743
12549 753
12566 752
12582 697
12598 768
12615 771
12631 780
12647 777
12664 780
12680 783
12697 783
12713 788
12729 779
12746 792
12762 791
12779 793
12795 794
12811 793
12828 796
12844 797
12861 792
12877 790
12893 792
12910 789
12926 787
12943 782
12959 783
12975 777
12992 773
13008 774
13025 764
13041 760
13057 766
13074 752
13090 751
13106 753
13123 735
13139 729
13156 727
13172 720
13188 711
13205 712
13221 693
13238 689
13254 686
13270 678
13287 670
13303 663
13320 655
13336 647
13352 639
13369 631
13385 627
13402 617
13418 607
13434 604
13451 591
13467 585
13484 578
13500 576
13516 566
13533 574
13549 549
13566 545
13582 519
13598 533
13615 526
13631 516
13647 515
13664 510
13680 527
13697 499
13713 496
13729 499
13746 490
13762 485
13779 477
13795 478
13811 477
13828 480
13844 475
13861 472
13877 469
13893 467
13910 470
13926 471
13943 470
13959 470
13975 471
13992 471
14008 519
14025 477
14041 478
14057 424
14074 482
14090 483
14106 496
14123 490
14139 494
14156 500
14172 507
14188 516
14205 514
14221 520
14238 526
14254 533
14270 545
14287 541
14303 550
14320 551
14336 562
14352 568
14369 574
14385 587
14402 594
14418 597
14434 603
14451 606
14467 617
14484 624
14500 636
14516 637
14533 615
14549 657
14566 658
14582 726
14598 677
14615 679
14631 739
14647 688
14664 696
14680 708
14697 711
14713 714
14729 730
14746 725
14762 731
14779 748
14795 740
14811 746
14828 745
14844 751
14861 750
14877 756
14893 757
14910 768
14926 767
14943 769
14959 767
14975 766
14992 768
15008 803
15025 777
15041 772
15057 790
15074 767
15090 769
15106 764
15123 768
15139 764
15156 766
15172 760
15188 756
15205 750
15221 752
15238 751
15254 745
15270 741
15287 737
15303 732
15320 726
15336 719
15352 723
15369 711
15385 706
15402 701
15418 696
15434 688
15451 683
15467 678
15484 667
15500 665
15516 660
15533 623
15549 646
15566 637
15582 640
15598 627
15615 619
15631 607
15647 606
15664 601
15680 597
15697 587
15713 577
15729 573
15746 570
15762 564
15779 571
15795 552
15811 545
15828 540
15844 543
15861 534
15877 526
15893 522
15910 519
15926 514
15943 508
15959 508
15975 502
15992 505
16008 594
16025 497
16041 494
16057 498
16074 497
16090 489
16106 488
16123 487
16139 488
16156 491
16172 488
16188 493
16205 502
16221 487
16238 494
16254 494
16270 500
16287 500
16303 503
16320 503
16336 507
16352 512
16369 518
16385 522
16402 522
16418 524
16434 530
16451 540
16467 543
16484 545
16500 549
16516 555
16533 563
16549 568
16566 567
16582 624
16598 582
16615 591
16631 483
16647 604
16664 609
16680 618
16697 618
16713 625
16729 633
16746 633
16762 648
16779 650
16795 656
16811 665
16828 665
16844 676
16861 681
16877 687
16893 692
16910 698
16926 711
16943 705
16959 711
16975 717
16992 718
17008 736
17025 731
17041 734
17057 737
17074 737
17090 745
17106 751
17123 743
17139 749
17156 748
17172 760
17188 757
17205 757
17221 755
17238 753
17254 744
17270 763
17287 761
17303 756
17320 756
17336 757
17352 752
17369 756
17385 757
17402 750
17418 746
17434 744
17451 739
17467 736
17484 732
17500 736
17516 728
17533 761
17549 722
17566 713
17582 688
17598 707
17615 697
17631 702
17647 685
17664 687
17680 682
17697 673
17713 665
17729 663
17746 659
17762 649
17779 640
17795 639
17811 630
17828 626
17844 619
17861 616
17877 610
17893 598
17910 596
17926 591
17943 585
17959 580
17975 572
17992 567
18008 564
18025 563
18041 554
18057 559
18074 546
18090 541
18106 505
18123 531
18139 529
18156 528
18172 521
18188 518
18205 506
18221 508
18238 506
18254 500
18270 502
18287 503
18303 493
18320 503
18336 499
18352 500
18369 501
18385 495
18402 495
18418 503
18434 501
18451 500
18467 503
18484 502
18500 507
18516 508
18533 533
18549 514
18566 513
18582 458
18598 524
18615 528
18631 564
18647 533
18664 537
18680 546
18697 548
18713 549
18729 573
18746 566
18762 568
18779 569
18795 579
18811 579
18828 587
18844 594
18861 602
18877 602
18893 612
18910 618
18926 624
18943 628
18959 634
18975 638
18992 644
19008 662
19025 655
19041 659
19057 637
19074 673
19090 674
19106 750
19123 687
19139 689
19156 695
19172 702
19188 709
19205 706
19221 715
19238 717
19254 741
19270 723
19287 727
19303 730
19320 734
19336 737
19352 741
19369 744
19385 741
19402 744
19418 743
19434 743
19451 747
19467 748
19484 747
19500 746
19516 745
19533 846
19549 744
19566 746
19582 714
19598 741
19615 740
19631 668
19647 735
19664 733
19680 740
19697 732
19713 723
19729 712
19746 720
19762 713
19779 693
19795 707
19811 703
19828 696
19844 693
19861 693
19877 681
19893 680
19910 671
19926 669
19943 661
19959 659
19975 653
19992 645
20008 645
20025 636
20041 631
20057 617
20074 621
20090 616
20106 597
20123 603
20139 598
20156 594
20172 590
20188 586
20205 579
20221 575
20238 568
20254 571
20270 561
20287 557
20303 564
20320 545
20336 543
20352 539
20369 537
20385 536
20402 530
20418 527
20434 523
20451 527
20467 524
20484 520
20500 516
20516 517
20533 547
20549 515
20566 519
20582 477
20598 514
20615 511
20631 463
20647 513
20664 517
20680 500
20697 515
20713 520
20729 516
20746 520
20762 527
20779 531
20795 529
20811 529
20828 540
20844 538
20861 541
20877 546
20893 549
20910 553
20926 558
20943 559
20959 570
20975 569
20992 573
21008 574
21025 585
21041 589
21057 588
21074 598
21090 601
21106 560
21123 615
21139 619
21156 619
21172 626
21188 634
21205 629
21221 639
21238 649
21254 662
21270 658
21287 666
21303 679
21320 668
21336 674
21352 678
21369 685
21385 686
21402 690
21418 696
21434 701
21451 704
21467 704
21484 709
21500 711
21516 714
21533 601
21549 720
21566 720
21582 781
21598 728
21615 728
21631 709
21647 731
21664 731
21680 733
21697 730
21713 733
21729 744
21746 734
21762 735
21779 756
21795 729
21811 727
21828 729
21844 734
21861 725
21877 721
21893 719
21910 719
21926 717
21943 715
21959 713
21975 703
21992 703
22008 708
22025 698
22041 694
22057 684
22074 684
22090 682
22106 675
22123 674
22139 669
22156 666
22172 662
22188 654
22205 667
22221 645
22238 646
22254 636
22270 634
22287 624
22303 638
22320 620
22336 615
22352 613
22369 610
22385 599
22402 593
22418 594
22434 584
22451 582
22467 585
22484 573
22500 572
22516 565
22533 585
22549 559
22566 554
22582 554
22598 549
22615 548
22631 562
22647 544
22664 541
22680 539
22697 539
22713 533
22729 546
22746 529
22762 532
22779 535
22795 530
22811 527
22828 524
22844 526
22861 527
22877 526
22893 532
22910 531
22926 533
22943 531
22959 532
22975 534
22992 538
23008 542
23025 541
23041 547
23057 540
23074 545
23090 552
23106 515
23123 560
23139 560
23156 563
23172 576
23188 573
23205 587
23221 579
23238 582
23254 598
23270 596
23287 598
23303 599
23320 605
23336 608
23352 611
23369 620
23385 623
23402 631
23418 632
23434 639
23451 642
23467 643
23484 648
23500 652
23516 660
23533 716
23549 664
23566 668
23582 675
23598 678
23615 672
23631 676
23647 683
23664 689
23680 688
23697 700
23713 702
23729 693
23746 699
23762 708
23779 712
23795 712
23811 708
23828 711
23844 715
23861 718
23877 719
23893 713
23910 717
23926 721
23943 721
23959 722
23975 716
23992 718
24008 718
24025 717
24041 718
24057 743
24074 708
24090 710
24106 680
24123 707
24139 709
24156 703
24172 698
24188 700
24205 695
24221 690
24238 690
24254 698
24270 682
24287 682
24303 675
24320 669
24336 671
24352 666
24369 660
24385 658
24402 655
24418 646
24434 643
24451 646
24467 639
24484 635
24500 631
24516 625
24533 606
24549 619
24566 614
24582 611
24598 607
24615 602
24631 588
24647 598
24664 591
24680 602
24697 584
24713 580
24729 585
24746 574
24762 568
24779 571
24795 572
24811 577
24828 560
24844 555
24861 557
24877 554
24893 559
24910 553
24926 551
24943 550
24959 548
24975 545
24992 545
25008 545
25025 548
25041 545
25057 509
25074 541
25090 546
25106 584
25123 549
25139 576
25156 609
25172 623
25188 640
25205 655
25221 665
25238 678
25254 692
25270 691
25287 702
25303 695
25320 717
25336 719
25352 723
25369 724
25385 729
25402 730
25418 732
25434 735
25451 735
25467 739
25484 742
25500 742
25516 743
25533 690
25549 743
25566 744
25582 672
25598 741
25615 737
25631 729
25647 740
25664 738
25680 729
25697 733
25713 734
25729 739
25746 727
25762 726
25779 725
25795 726
25811 718
25828 714
25844 718
25861 714
25877 715
25893 706
25910 707
25926 703
25943 703
25959 703
25975 699
25992 696
26008 697
26025 691
26041 694
26057 749
26074 684
26090 686
26106 731
26123 685
26139 685
26156 676
26172 678
26188 674
26205 674
26221 675
26238 675
26254 668
26270 673
26287 668
26303 661
26320 667
26336 670
26352 667
26369 671
26385 667
26402 667
26418 665
26434 665
26451 663
26467 665
26484 664
26500 661
26516 663
26533 690
26549 662
26566 661
26582 686
26598 662
26615 657
26631 659
26647 657
26664 659
26680 652
26697 658
26713 670
26729 659
26746 657
26762 655
26779 656
26795 654
26811 656
26828 653
26844 656
26861 656
26877 658
26893 646
26910 653
26926 655
26943 654
26959 653
26975 652
26992 649
27008 651
27025 645
27041 651
27057 662
27074 652
27090 646
27106 662
27123 655
27139 647
27156 650
27172 648
27188 647
27205 649
27221 648
27238 654
27254 646
27270 650
27287 647
27303 633
27320 649
27336 648
27352 646
27369 649
27385 648
27402 646
27418 643
27434 647
27451 647
27467 647
27484 647
27500 647
27516 644
27533 654
27549 642
27566 650
27582 648
27598 646
27615 645
27631 637
27647 639
27664 644
27680 650
27697 644
27713 646
27729 626
27746 642
27762 645
27779 656
27795 642
27811 643
27828 648
27844 640
27861 645
27877 643
27893 643
27910 644
27926 643
27943 643
27959 649
27975 645
27992 641
28008 643
28025 645
28041 641
28057 638
28074 643
28090 642
28106 707
28123 643
28139 639
28156 642
28172 639
28188 639
28205 640
28221 642
28238 643
28254 646
28270 644
28287 643
28303 638
28320 641
28336 640
28352 642
28369 644
28385 643
28402 647
28418 642
28434 641
28451 640
28467 641
28484 641
28500 640
28516 640
28533 648
28549 639
28566 643
28582 675
28598 642
28615 640
28631 707
28647 643
28664 640
28680 642
28697 642
28713 641
28729 655
28746 638
28762 643
28779 625
28795 637
28811 639
28828 643
28844 642
28861 642
28877 638
28893 643
28910 639
28926 638
28943 638
28959 641
28975 641
28992 639
29008 635
29025 639
29041 638
29057 633
29074 641
29090 641
29106 628
29123 638
29139 640
29156 635
29172 636
29188 636
29205 641
29221 639
29238 639
29254 637
29270 638
29287 639
29303 634
29320 637
29336 640
29352 639
29369 641
29385 641
29402 639
29418 639
29434 641
29451 640
29467 632
29484 641
29500 639
29516 638
29533 637
29549 638
29566 639
29582 671
29598 642
29615 640
29631 665
29647 641
29664 640
29680 636
29697 641
29713 639
29729 656
29746 639
29762 641
29779 635
29795 640
29811 637
29828 650
29844 639
29861 641
29877 641
29893 639
29910 647
29926 637
29943 639
29959 638
29975 639
29992 640
30008 638
30025 636
30041 638
30057 542
30074 639
30090 642
30106 556
30123 640
30139 636
30156 639
30172 635
30188 640
30205 635
30221 622
30238 639
30254 655
30270 635
30287 635
30303 642
30320 636
30336 637
30352 637
30369 637
30385 638
30402 641
30418 639
30434 641
30451 636
30467 637
30484 635
30500 644
30516 636
30533 645
30549 634
30566 638
30582 593
30598 645
30615 637
30631 570
30647 635
30664 637
30680 629
30697 640
30713 638
30729 635
30746 635
30762 638
30779 643
30795 639
30811 641
30828 639
30844 640
30861 640
30877 635
30893 636
30910 635
30926 637
30943 635
30959 639
30975 634
30992 638
31008 639
31025 637
31041 634
31057 620
31074 639
31090 638
31106 665
31123 634
31139 637
31156 639
31172 637
31188 639
31205 641
31221 638
31238 640
31254 638
31270 637
31287 633
31303 653
31320 633
31336 635
31352 639
31369 639
31385 635
31402 637
31418 635
31434 639
31451 638
31467 639
31484 637
31500 639
31516 639
31533 634
31549 637
31566 638
31582 639
31598 644
31615 637
31631 692
31647 636
31664 638
31680 632
31697 639
31713 636
31729 655
31746 633
31762 636
31779 634
31795 641
31811 639
31828 633
31844 637
31861 639
31877 642
31893 635
31910 643
31926 633
31943 638
31959 638
31975 639
31992 637
32008 638
32025 636
32041 636
32057 759
32074 635
32090 635
32106 587
32123 638
32139 636
32156 640
32172 634
32188 636
32205 642
32221 640
32238 638
32254 637
32270 635
32287 637
32303 626
32320 636
32336 636
32352 636
32369 628
32385 639
32402 637
32418 641
32434 635
32451 639
32467 637
32484 638
32500 639
32516 636
32533 637
32549 639
32566 640
32582 633
32598 640
32615 635
32631 588
32647 631
32664 636
32680 637
32697 640
32713 638
32729 619
32746 640
32762 636
32779 641
32795 639
32811 642
32828 642
32844 635
32861 638
32877 637
32893 635
32910 634
32926 640
32943 636
32959 639
32975 636
32992 640
33008 637
33025 640
33041 638
33057 664
33074 637
33090 635
33106 600
33123 636
33139 635
33156 637
33172 638
33188 632
33205 629
33221 637
33238 638
33254 635
33270 636
33287 636
33303 637
33320 635
33336 637
33352 636
33369 633
33385 639
33402 637
33418 636
33434 634
33451 639
33467 640
33484 639
33500 638
33516 633
33533 636
33549 636
33566 632
33582 641
33598 638
