1.81 0.39 586.81 62.26
20.62 8.89 591.81 21.41
37.18 8.74 569.87 16.78
53.43 8.67 548.18 15.94
69.87 8.83 523.31 18.23
86.25 8.73 498.81 13.38
102.62 8.89 477.18 15.59
119.18 8.74 457.25 19.95
135.68 8.66 426.75 23.46
152.06 8.84 410.12 10.83
168.50 8.72 392.37 12.91
184.93 8.62 376.93 22.30
201.50 8.72 355.37 16.15
217.75 8.90 345.18 29.70
234.12 9.08 338.50 43.14
250.62 8.94 310.06 7.59
267.06 9.10 296.81 9.88
283.62 8.94 289.68 9.64
299.81 8.88 278.50 24.65
316.18 9.06 270.68 7.68
332.62 8.94 264.87 4.06
349.00 9.09 259.68 19.44
365.68 8.93 255.81 10.14
381.87 8.87 257.31 4.59
398.25 9.04 250.12 24.73
414.68 8.93 260.56 5.52
431.06 9.07 258.93 18.65
447.62 8.95 270.50 6.33
463.81 8.89 276.06 8.05
480.31 9.02 283.31 11.61
496.75 8.90 296.87 12.25
513.00 8.83 306.37 9.33
529.62 8.94 317.56 10.12
545.87 8.87 326.25 21.34
562.25 9.04 347.87 10.84
578.75 8.90 365.68 10.34
595.12 8.80 380.06 11.67
611.68 8.93 394.06 23.43
628.00 8.84 421.87 13.90
644.43 9.00 441.12 12.20
660.93 8.85 459.31 15.67
677.06 8.82 483.25 13.38
693.81 8.90 506.50 15.66
710.12 8.80 529.18 31.99
726.43 9.00 549.50 17.00
743.06 8.82 577.62 13.24
759.25 8.77 606.56 17.06
775.81 8.90 621.56 22.80
792.12 8.80 643.12 18.65
808.43 8.98 679.75 26.35
825.18 8.78 692.43 10.75
841.43 8.72 717.81 12.05
857.87 8.88 743.00 12.12
874.18 8.78 767.43 28.01
890.56 8.94 786.12 12.42
907.18 8.78 807.18 9.90
923.50 8.70 824.37 7.34
940.00 8.84 845.00 10.31
956.25 8.76 864.43 10.28
972.68 8.64 883.12 13.82
989.18 8.78 897.31 8.09
1005.50 8.70 915.18 13.10
1022.00 8.84 927.00 4.96
1038.31 8.74 937.56 5.85
1054.68 8.65 954.75 16.33
1071.25 8.76 956.37 23.99
1087.56 8.68 967.00 3.45
1104.00 8.84 971.31 16.68
1120.31 8.74 978.25 4.63
1136.93 8.64 981.18 3.78
1153.50 8.73 983.81 4.52
1169.68 8.68 983.56 5.88
1186.18 8.83 981.43 6.34
1202.62 9.21 979.31 5.76
1219.06 9.35 974.31 12.56
1235.56 9.23 964.12 13.98
1251.87 9.14 962.68 6.72
1268.31 9.30 954.06 8.33
1284.68 9.20 946.87 12.71
1301.12 9.33 930.43 9.80
1317.62 9.22 922.68 12.54
1333.81 9.17 905.25 11.47
1350.31 9.30 888.56 23.13
1366.75 9.18 872.56 15.24
1383.12 9.33 850.06 28.34
1399.75 9.18 838.31 17.13
1415.81 9.17 821.37 21.24
1432.37 9.28 798.25 12.77
1448.75 9.18 775.00 19.31
1465.12 9.33 756.56 13.80
1481.75 9.18 733.31 13.71
1497.87 9.14 711.06 14.17
1514.31 9.30 688.43 13.17
1530.81 9.16 661.31 18.35
1547.12 9.33 641.50 13.30
1563.68 9.21 620.00 14.24
1579.87 9.14 603.87 22.43
1596.37 9.29 577.00 17.68
1612.87 9.15 553.56 13.44
1629.12 9.34 529.87 12.81
1645.75 9.19 506.43 13.87
1661.93 9.13 487.93 11.66
1678.31 9.28 460.06 25.05
1694.93 9.13 447.50 10.66
1711.25 9.05 427.81 10.25
1727.75 9.19 412.87 12.76
1744.00 9.12 395.43 9.63
1760.43 9.25 378.81 8.81
1777.00 9.12 364.81 9.81
1793.18 9.06 345.81 12.80
1809.81 9.17 341.18 16.71
1826.06 9.10 325.31 6.14
1842.56 9.22 315.25 15.60
1859.06 9.10 310.81 10.86
1875.31 9.03 301.75 8.58
1891.75 9.19 298.12 25.01
1908.06 9.10 292.81 4.81
1924.75 9.19 292.81 14.40
1941.25 9.06 282.87 15.40
1957.31 9.05 288.37 5.37
1973.93 9.16 289.87 4.71
1990.25 9.06 294.75 7.54
2006.75 9.19 299.50 8.63
2023.31 9.05 302.81 7.12
2039.43 9.01 313.00 7.52
2055.87 9.18 323.25 10.08
2072.31 9.05 340.18 23.75
2088.75 9.18 343.56 9.10
2105.25 9.06 353.75 12.19
2121.43 9.01 370.62 10.57
2138.06 9.18 385.43 11.16
2154.50 9.05 400.93 21.42
2170.81 8.96 414.75 23.82
2187.25 9.12 436.75 12.97
2203.68 9.51 453.18 16.77
2220.18 9.66 475.00 16.69
2236.62 9.52 499.81 13.26
2252.93 9.43 519.87 19.56
2269.50 9.56 537.93 12.32
2285.75 9.50 558.93 19.29
2302.25 9.64 569.93 43.60
2318.68 9.51 603.00 13.48
2334.93 9.43 623.18 19.46
2351.43 9.58 645.56 14.26
2367.75 9.50 675.81 19.20
2384.31 9.62 689.87 14.67
2400.75 9.50 722.31 26.44
2416.87 9.46 732.12 15.45
2433.56 9.55 751.81 12.55
2449.75 9.50 775.12 13.24
2466.25 9.61 781.50 43.08
2482.81 9.47 811.06 13.10
2498.93 9.44 829.00 9.91
2515.43 9.59 843.87 9.63
2531.81 9.47 859.50 8.24
2548.25 9.60 873.62 10.32
2564.81 9.47 889.00 6.42
2580.93 9.44 897.00 18.06
2597.50 9.58 909.37 23.44
2613.87 9.47 922.50 4.62
2630.18 9.37 928.37 10.05
2646.81 9.47 933.81 12.50
2663.00 9.43 944.87 5.33
2679.50 9.58 948.56 4.06
2695.93 9.45 940.93 33.07
2712.31 9.34 953.43 4.49
2728.93 9.44 956.06 7.53
2745.12 9.40 955.50 10.72
2761.62 9.55 952.81 14.43
2778.00 9.43 946.31 8.11
2794.31 9.34 938.31 10.13
2811.00 9.42 932.93 21.12
2827.12 9.40 925.06 10.33
2843.68 9.54 917.62 11.17
2860.06 9.42 898.50 21.16
2876.37 9.33 894.31 9.91
2893.00 9.42 881.81 15.25
2909.06 9.42 864.81 19.97
2925.81 9.57 851.25 10.85
2942.37 9.46 835.31 20.35
2958.62 9.39 820.37 11.90
2975.18 9.52 800.93 13.74
2991.37 9.46 780.18 18.66
3007.81 9.57 765.62 11.84
3024.43 9.44 739.31 34.93
3040.68 9.38 725.75 13.39
3057.12 9.50 705.81 13.86
3073.50 9.43 682.31 23.92
3089.81 9.32 664.25 12.76
3106.37 9.45 643.31 12.36
3122.62 9.39 624.62 6.25
3139.18 9.49 601.56 12.30
3155.62 9.43 579.50 14.44
3171.93 9.32 558.43 18.35
3188.50 9.44 539.37 11.34
3204.81 9.63 519.68 11.34
3221.18 9.75 502.62 16.66
3237.62 9.68 477.25 18.73
3254.12 9.78 459.68 15.47
3270.62 9.66 447.75 12.34
3286.81 9.63 432.06 15.91
3303.25 9.76 409.75 11.17
3319.68 9.67 400.25 5.24
3336.12 9.78 391.18 24.48
3352.62 9.66 372.18 7.18
3368.81 9.64 359.93 15.04
3385.25 9.75 352.50 6.10
3401.75 9.65 342.50 6.31
3418.06 9.82 335.56 14.29
3434.62 9.69 326.56 13.37
3450.81 9.64 322.81 7.28
3467.18 9.76 327.81 16.52
3483.75 9.63 317.56 9.41
3500.06 9.57 315.50 9.33
3516.56 9.65 311.50 13.80
3532.93 9.60 315.18 16.67
3549.25 9.74 324.06 8.23
3565.75 9.63 326.25 6.71
3582.00 9.58 331.56 8.03
3598.62 9.64 341.18 17.33
3614.93 9.61 349.12 9.43
3631.37 9.73 357.18 10.13
3647.81 9.62 373.87 24.25
3664.06 9.57 380.68 11.66
3680.56 9.66 392.50 10.71
3696.93 9.61 403.93 14.63
3713.50 9.69 420.43 12.04
3729.93 9.59 429.12 23.27
3746.18 9.55 447.75 24.41
3762.68 9.65 471.56 13.45
3779.00 9.59 489.18 12.18
3795.43 9.70 507.81 16.35
3812.00 9.57 528.93 13.73
3828.31 9.52 542.62 13.04
3844.68 9.65 564.50 13.03
3861.06 9.57 583.50 17.86
3877.43 9.72 601.68 13.63
3894.00 9.57 628.18 26.60
3910.31 9.52 636.43 25.27
3926.68 9.69 662.25 13.17
3943.06 9.59 687.81 22.71
3959.43 9.50 703.56 11.87
3975.93 9.64 723.25 11.39
3992.31 9.55 738.12 21.73
4008.68 9.69 762.00 9.18
4025.18 9.57 776.81 10.39
4041.50 9.49 794.93 13.04
4058.00 9.62 810.12 8.65
4074.31 9.56 822.93 11.35
4090.68 9.69 840.56 8.03
4107.12 9.58 854.06 6.50
4123.50 9.49 866.62 5.82
4140.12 9.62 876.37 8.21
4156.31 9.57 888.00 5.24
4172.75 9.68 899.06 18.34
4189.25 9.58 905.37 6.10
4205.62 9.99 911.62 5.21
4222.18 9.85 918.68 8.45
4238.37 9.80 922.37 10.24
4254.81 9.91 923.18 10.15
4271.31 9.80 925.62 9.53
4287.68 9.98 925.12 10.56
4304.12 9.87 924.62 23.83
4320.43 9.79 923.43 10.46
4336.81 9.91 920.37 8.53
4353.31 9.80 919.56 19.08
4369.68 9.73 914.56 12.27
4386.12 9.85 901.00 10.11
4402.50 9.78 894.25 10.74
4418.81 9.93 884.06 14.15
4435.31 9.83 873.43 10.93
4451.62 9.74 861.50 13.58
4468.12 9.85 849.31 15.43
4484.50 9.78 831.12 21.13
4500.81 9.93 818.62 13.48
4517.31 9.83 808.43 19.94
4533.62 9.74 789.50 16.70
4550.06 9.87 774.75 18.52
4566.43 9.79 754.81 12.97
4582.81 9.93 735.62 15.49
4599.37 9.83 720.87 18.53
4615.62 9.75 700.37 14.74
4632.06 9.88 683.06 13.81
4648.50 9.78 661.18 13.40
4664.81 9.96 644.50 15.62
4681.37 9.83 623.43 14.45
4697.68 9.74 603.00 13.84
4714.18 9.85 587.06 13.52
4730.56 9.76 561.87 26.58
4746.93 9.93 548.50 11.98
4763.37 9.83 531.93 11.52
4779.81 9.71 511.68 10.82
4796.18 9.85 493.81 14.43
4812.62 9.74 474.50 13.44
4828.93 9.69 458.31 14.89
4845.37 9.81 445.68 13.01
4861.75 9.73 425.31 35.83
4878.18 9.87 419.75 9.18
4894.62 9.74 402.62 26.49
4910.93 9.69 394.68 7.70
4927.43 9.83 375.93 43.63
4943.81 9.75 380.00 14.65
4960.18 9.91 367.56 6.76
4976.68 9.77 359.31 6.64
4993.00 9.71 348.68 41.16
5009.43 9.83 349.75 6.80
5025.87 9.74 344.87 8.46
5042.25 9.90 346.43 18.16
5058.62 9.78 348.62 19.78
5075.06 9.70 345.50 10.92
5091.43 9.84 348.00 14.27
5107.87 9.74 346.81 10.47
5124.18 9.90 346.56 15.85
5140.68 9.78 355.56 9.92
5157.12 9.71 362.06 10.13
5173.50 9.85 375.50 15.71
5189.93 9.75 376.18 10.79
5206.25 10.17 386.87 12.89
5222.75 10.01 400.93 11.82
5239.18 9.94 410.68 12.58
5255.62 10.06 423.50 14.74
5272.00 9.97 437.31 12.74
5288.31 10.16 455.00 18.40
5304.81 10.01 464.31 30.94
5321.06 9.97 482.68 14.85
5337.62 10.06 497.56 13.68
5354.00 9.97 516.75 18.67
5370.37 10.15 531.87 13.59
5386.81 10.04 547.25 16.70
5403.12 9.96 565.93 13.58
5419.68 10.05 585.18 14.31
5436.00 9.97 604.93 13.61
5452.37 10.15 624.50 15.58
5468.81 10.04 641.06 13.82
5485.12 9.96 657.50 14.93
5501.56 10.10 678.18 13.16
5517.87 10.00 695.93 17.02
5534.37 10.15 715.31 17.76
5550.81 10.04 730.50 13.57
5567.12 9.96 749.93 19.72
5583.43 10.11 764.25 11.00
5600.00 9.95 775.43 18.21
5616.43 10.14 797.56 11.07
5632.87 10.04 806.43 11.70
5649.18 9.96 824.93 18.43
5665.50 10.14 832.87 16.40
5682.00 9.95 844.37 8.42
5698.43 9.90 850.00 20.22
5714.93 10.02 865.43 7.53
5731.25 9.94 873.81 8.95
5747.68 10.12 885.00 12.74
5764.12 9.93 890.68 14.59
5780.43 9.90 893.12 7.25
5796.93 10.02 891.50 33.26
5813.31 9.93 901.81 9.53
5829.68 10.12 902.75 9.56
5846.06 10.01 904.18 8.83
5862.50 9.91 904.18 18.34
5879.00 10.01 901.43 11.70
5895.25 9.94 902.18 19.02
5911.68 10.12 892.18 10.82
5928.12 9.97 889.00 13.14
5944.50 9.91 879.43 19.07
5960.87 10.06 872.56 11.16
5977.25 9.94 863.87 10.86
5993.62 10.12 855.87 22.63
6010.12 9.97 842.68 12.20
6026.56 9.90 832.31 12.15
6042.93 10.02 821.93 14.48
6059.31 9.90 813.87 29.80
6075.68 10.11 792.75 11.81
6092.18 9.96 778.62 12.58
6108.56 9.90 761.50 13.13
6124.93 10.02 746.81 14.13
6141.37 9.91 732.06 15.65
6157.68 9.88 707.62 23.09
6174.18 10.01 697.25 20.14
6190.50 9.92 678.62 12.86
6207.06 10.26 661.56 14.00
6223.43 10.14 644.25 13.41
6239.81 10.34 627.37 14.72
6256.31 10.24 607.56 12.65
6272.62 10.15 590.93 12.38
6289.00 10.33 574.06 12.31
6305.37 10.19 558.37 11.41
6321.81 10.36 536.12 16.58
6338.31 10.24 523.25 12.89
6354.62 10.15 507.31 11.39
6371.00 10.33 491.18 23.55
6387.37 10.19 469.31 31.03
6403.81 10.36 465.06 17.91
6420.31 10.24 447.06 18.99
6436.62 10.15 438.12 11.25
6452.87 10.34 426.50 18.37
6469.37 10.19 414.06 28.98
6485.81 10.36 406.62 8.39
6502.25 10.25 397.87 9.69
6518.50 10.14 389.50 8.29
6534.87 10.34 382.00 9.35
6551.37 10.19 378.68 9.46
6567.75 10.13 373.43 6.86
6584.18 10.24 369.00 8.29
6600.56 10.14 367.12 10.40
6617.00 10.34 366.31 8.07
6633.37 10.24 365.87 11.45
6649.68 10.15 367.81 9.63
6666.25 10.24 369.93 10.23
6682.56 10.14 373.62 10.98
6699.06 10.33 375.62 15.52
6715.50 10.23 380.68 15.04
6731.87 10.13 391.50 11.63
6748.25 10.32 396.93 15.70
6764.56 10.18 405.12 14.51
6781.12 10.32 416.93 13.14
6797.50 10.23 426.06 13.65
6813.87 10.13 436.31 16.08
6830.31 10.27 451.75 15.06
6846.56 10.18 465.56 13.11
6863.06 10.32 480.43 18.35
6879.50 10.23 486.50 19.76
6895.87 10.13 501.75 21.90
6912.25 10.28 521.87 14.03
6928.56 10.18 537.43 16.64
6945.00 10.35 550.43 12.33
6961.43 10.24 571.31 14.71
6977.81 10.14 593.12 20.73
6994.25 10.28 606.31 15.66
7010.56 10.18 620.37 13.44
7027.00 10.12 640.43 16.60
7043.43 10.23 650.06 12.74
7059.81 10.14 672.81 16.25
7076.25 10.32 688.31 13.89
7092.62 10.22 705.62 14.05
7109.00 10.12 719.37 11.02
7125.43 10.23 734.31 10.53
7141.87 10.15 745.75 18.57
7158.25 10.33 762.12 14.18
7174.62 10.23 774.18 13.86
7191.06 10.13 789.75 14.98
7207.56 10.52 804.75 15.53
7223.87 10.43 815.68 10.61
7240.31 10.56 822.81 14.43
7256.75 10.46 835.87 9.61
7273.18 10.59 843.50 8.80
7289.62 10.52 851.50 12.44
7305.87 10.41 859.25 10.35
7322.31 10.55 868.68 13.22
7338.75 10.46 871.75 13.54
7355.18 10.59 873.87 9.27
7371.62 10.52 876.56 10.22
7387.87 10.41 876.93 10.93
7404.25 10.58 878.56 10.61
7420.75 10.46 876.93 10.73
7437.12 10.36 878.12 11.67
7453.56 10.50 877.43 14.59
7469.87 10.41 869.25 29.43
7486.31 10.55 866.37 12.49
7502.75 10.46 859.68 12.52
7519.00 10.37 847.75 22.76
7535.50 10.55 844.56 12.71
7551.81 10.46 848.18 40.07
7568.31 10.55 828.56 12.80
7584.75 10.46 812.56 20.39
7601.06 10.38 803.25 16.60
7617.50 10.56 792.56 16.24
7633.81 10.46 777.93 15.49
7650.43 10.56 769.50 16.88
7666.75 10.51 752.93 14.82
7683.06 10.38 740.12 15.09
7699.62 10.55 723.00 22.88
7715.87 10.46 710.37 12.78
7732.31 10.59 690.93 17.07
7748.75 10.52 677.81 16.27
7765.12 10.35 653.06 26.43
7781.56 10.55 645.75 14.63
7797.87 10.46 630.18 15.72
7814.37 10.58 613.75 20.74
7830.75 10.52 595.37 12.36
7847.06 10.36 581.12 12.81
7863.56 10.55 567.25 19.25
7879.87 10.46 551.93 15.27
7896.31 10.35 534.75 15.07
7912.68 10.51 519.75 12.05
7929.06 10.36 505.62 10.69
7945.56 10.55 493.68 17.08
7961.87 10.46 479.12 10.05
7978.25 10.36 464.87 14.52
7994.62 10.55 455.50 24.71
8011.00 10.41 446.12 8.89
8027.56 10.55 427.87 32.95
8043.93 10.46 430.00 15.74
8060.25 10.37 415.81 14.35
8076.68 10.55 408.00 12.15
8093.06 10.41 407.75 14.42
8109.56 10.55 396.93 15.70
8125.93 10.46 401.18 25.87
8142.31 10.38 393.31 10.97
8158.81 10.58 391.75 9.44
8175.12 10.43 389.50 12.18
8191.50 10.59 390.12 11.94
8208.00 10.72 391.06 11.54
8224.43 10.84 388.37 12.83
8240.81 10.81 394.81 12.84
8257.25 10.65 399.25 13.83
8273.62 10.81 405.75 13.37
8290.06 10.72 412.12 32.84
8306.31 10.60 416.31 14.26
8322.87 10.79 423.18 14.04
8339.18 10.71 434.68 15.17
8355.62 10.81 441.81 18.02
8372.06 10.72 454.25 13.94
8388.31 10.60 460.81 20.66
