1.93 0.24 588.06 61.14
20.56 8.90 603.93 18.39
36.81 8.84 589.81 13.61
53.43 8.93 575.56 21.67
69.75 8.86 552.12 16.21
86.37 8.95 537.37 12.67
102.68 8.88 516.68 12.36
118.93 8.81 497.18 16.03
135.56 8.91 482.06 10.81
151.87 8.83 464.68 10.49
168.62 8.94 451.87 11.74
185.06 8.85 436.00 20.80
201.31 8.78 415.37 13.90
217.81 9.14 409.43 18.16
234.25 9.06 389.06 15.45
250.68 9.18 372.12 10.70
267.50 9.07 357.87 10.51
283.81 9.23 343.75 9.79
300.12 9.12 339.75 19.94
316.56 9.06 323.81 10.91
333.00 9.17 314.06 15.01
349.56 9.06 296.87 16.24
365.93 9.21 289.75 7.37
382.25 9.09 288.81 34.13
398.75 9.02 274.93 11.64
415.00 9.18 263.56 8.91
431.50 9.05 258.87 4.62
447.93 8.95 251.31 10.56
464.31 9.07 246.87 3.81
480.75 9.00 236.93 22.78
497.06 9.17 243.75 20.93
513.50 9.02 238.50 5.88
529.93 8.95 238.12 11.73
546.31 9.07 233.62 19.57
562.81 8.98 235.43 3.06
579.12 9.14 235.75 3.13
595.43 9.04 246.68 25.59
612.00 8.93 235.37 12.66
628.37 9.05 243.50 3.62
644.87 8.96 246.50 7.07
661.25 9.10 250.56 7.50
677.37 9.05 257.43 6.13
694.12 8.89 263.31 7.09
710.37 9.05 275.75 19.43
727.18 8.94 281.25 5.84
743.56 9.07 296.18 23.16
759.75 9.03 296.25 8.29
776.37 8.89 311.31 9.90
792.68 9.06 317.93 6.44
809.18 8.94 331.25 8.86
825.56 9.08 338.25 18.67
841.87 8.99 353.75 9.04
858.43 8.87 366.87 9.71
874.68 9.06 384.56 17.98
891.18 8.92 397.06 9.84
907.62 8.79 409.62 8.40
923.93 8.96 428.25 14.12
940.50 8.82 440.50 10.02
956.75 9.00 456.43 10.21
973.18 8.88 474.87 20.93
989.75 8.73 494.81 21.57
1006.12 8.89 506.93 10.53
1022.62 8.77 531.25 27.67
1038.93 8.93 539.18 10.61
1055.25 8.86 561.18 12.54
1071.81 8.71 575.06 13.37
1088.18 8.87 593.00 10.40
1104.68 8.76 609.56 16.72
1121.06 8.88 626.25 11.35
1137.37 8.82 642.56 20.53
1153.93 8.67 656.37 26.37
1170.25 8.88 676.37 12.77
1186.81 8.75 697.87 9.80
1203.12 8.89 716.37 10.04
1219.56 9.04 724.43 32.63
1236.12 9.16 745.37 12.63
1252.37 9.09 767.31 9.97
1268.87 8.98 784.06 15.17
1285.18 9.13 794.43 14.63
1301.56 9.04 821.06 29.04
1318.06 8.92 817.06 41.40
1334.37 9.09 842.37 9.91
1350.87 8.98 855.68 23.75
1367.25 9.12 871.37 8.87
1383.56 9.05 882.00 8.22
1400.12 8.91 885.06 19.19
1416.37 9.07 903.62 9.61
1432.75 9.01 918.50 8.63
1449.31 9.10 924.56 12.38
1465.62 9.03 937.18 6.73
1482.18 8.89 946.68 5.89
1498.37 9.07 955.25 16.61
1514.75 9.01 963.43 8.90
1531.31 9.10 969.62 7.59
1547.50 9.06 979.12 9.94
1564.18 8.89 976.50 16.39
1580.37 9.07 981.93 14.27
1596.81 8.98 988.43 13.83
1613.31 9.10 993.62 5.67
1629.56 9.04 995.18 4.08
1646.18 8.90 997.62 4.20
1662.37 9.08 999.93 6.96
1678.81 8.97 997.25 4.76
1695.31 9.11 997.50 7.79
1711.56 9.04 996.87 4.08
1728.18 8.90 992.37 3.74
1744.43 9.09 987.50 8.47
1760.81 8.97 984.93 4.84
1777.31 8.88 981.37 8.64
1793.56 9.04 975.87 7.32
1810.12 8.91 970.93 10.99
1826.50 9.07 968.12 16.75
1842.87 8.95 953.18 9.13
1859.31 8.85 947.93 8.41
1875.62 9.02 938.25 7.07
1892.06 8.90 928.87 10.32
1908.62 9.03 918.12 7.62
1924.93 8.92 905.56 9.81
1941.50 8.78 895.06 8.56
1957.68 9.00 882.87 7.75
1974.12 8.87 872.87 8.42
1990.75 8.97 857.43 8.75
2007.00 8.89 843.06 10.70
2023.62 8.73 825.00 16.59
2039.81 8.95 817.93 10.38
2056.25 8.83 802.06 10.65
2072.87 8.93 787.43 8.19
2089.18 8.85 776.43 19.90
2105.75 8.70 759.81 23.86
2122.00 8.89 734.75 13.80
2138.31 8.81 707.31 43.84
2154.93 8.92 707.62 12.67
2171.37 8.82 681.93 32.51
2187.87 8.69 673.00 11.06
2204.18 8.87 658.37 10.05
2220.62 9.03 640.31 9.71
2237.12 9.14 621.87 11.17
2253.37 9.07 606.31 9.29
2269.87 8.94 590.06 14.35
2286.25 9.11 574.75 11.02
2302.56 9.04 555.62 18.20
2319.06 9.14 542.25 10.50
2335.37 9.07 524.87 10.83
2351.93 8.94 508.62 9.13
2368.31 9.09 491.56 13.44
2384.56 9.05 478.75 9.38
2401.12 9.13 461.81 12.95
2417.31 9.09 450.12 8.87
2433.87 8.96 432.87 12.05
2450.37 9.07 417.00 15.93
2466.62 9.03 408.12 8.41
2483.18 9.11 400.00 17.25
2499.37 9.07 387.50 14.37
2516.00 8.92 368.25 20.93
2532.31 9.10 362.93 6.66
2548.56 9.02 351.62 5.79
2565.12 9.14 344.68 12.34
2581.37 9.07 331.50 6.50
2598.00 8.92 324.68 15.70
2614.31 9.10 311.18 14.55
2630.68 8.98 306.31 8.11
2647.12 8.88 304.31 6.35
2663.43 9.05 294.06 7.73
2679.87 8.96 285.06 16.80
2696.31 9.09 283.87 10.87
2712.62 9.00 282.31 3.96
2729.12 8.88 283.00 12.76
2745.43 9.05 270.93 18.56
2761.81 8.97 275.31 5.78
2778.31 9.09 275.25 2.56
2794.56 9.02 273.87 11.85
2811.12 8.89 277.18 2.79
2827.50 9.03 278.68 4.10
2843.81 8.97 281.50 11.98
2860.31 9.07 282.43 6.92
2876.56 9.02 281.87 10.47
2893.12 8.89 284.50 33.89
2909.62 8.99 298.31 10.22
2925.93 8.92 303.43 7.50
2942.43 9.03 308.50 7.35
2958.68 8.98 315.50 7.02
2975.31 8.81 325.37 6.35
2991.68 8.97 331.18 11.12
3008.00 8.88 340.12 5.50
3024.56 8.98 348.50 32.48
3040.87 8.91 365.50 13.16
3057.43 8.77 371.43 8.55
3073.87 8.92 384.25 20.39
3090.18 8.84 387.06 37.37
3106.62 8.72 415.31 30.93
3123.06 8.88 428.56 20.61
3139.37 8.80 434.93 11.34
3155.87 8.92 447.87 8.42
3172.25 8.83 462.81 11.15
3188.68 8.70 475.50 8.89
3205.06 8.88 490.06 10.36
3221.43 9.05 504.50 12.17
3238.06 9.13 518.93 11.62
3254.25 9.08 532.25 18.41
3270.75 9.20 552.43 10.11
3287.06 9.13 567.00 9.60
3303.37 9.07 584.25 10.65
3320.00 9.14 594.62 22.25
3336.25 9.08 612.37 10.07
3352.81 9.19 633.31 15.46
3369.12 9.12 644.62 8.19
3385.50 9.05 659.81 9.17
3402.00 9.15 678.93 11.54
3418.31 9.07 689.81 11.54
3434.81 9.19 705.12 16.01
3451.18 9.10 724.87 8.08
3467.62 9.01 744.00 18.38
3484.06 9.13 745.50 19.52
3500.37 9.05 766.18 8.18
3516.81 8.94 785.50 15.87
3533.18 9.10 792.68 11.05
3549.56 9.02 806.81 6.81
3565.93 9.15 821.06 23.68
3582.31 9.07 833.31 7.59
3598.81 8.94 841.00 22.54
3615.18 9.10 857.43 5.81
3631.56 9.01 868.18 7.50
3648.00 9.14 869.18 17.21
3664.31 9.07 888.00 6.21
3680.75 8.95 892.25 16.11
3697.25 9.08 909.81 13.99
3713.50 9.02 914.18 6.55
3729.93 9.16 920.12 10.76
3746.25 9.08 930.75 6.87
3762.75 8.95 938.18 11.10
3779.25 9.08 940.06 3.99
3795.50 9.02 948.25 9.80
3812.00 9.14 946.06 11.76
3828.37 9.05 948.31 11.33
3844.81 8.94 953.06 7.62
3861.25 9.09 957.12 3.48
3877.56 9.01 960.31 6.35
3894.00 9.14 962.62 13.03
3910.43 9.03 958.37 5.30
3926.93 8.92 949.06 36.92
3943.31 9.07 957.62 4.21
3959.68 8.96 953.75 8.52
3976.06 8.86 947.75 16.68
3992.43 9.03 952.31 14.29
4008.93 8.90 944.12 6.96
4025.37 9.03 939.31 7.69
4041.75 8.94 936.06 10.38
4058.18 8.82 924.12 10.53
4074.68 9.00 920.68 10.10
4091.06 8.90 908.31 9.83
4107.56 9.01 904.81 8.10
4123.93 8.94 887.50 18.50
4140.31 8.82 881.25 20.76
4156.75 8.99 875.81 7.16
4173.12 8.91 867.06 36.08
4189.68 8.98 852.25 12.92
4206.00 8.93 843.93 9.76
4222.50 9.29 826.87 24.90
4238.81 9.21 820.87 10.88
4255.18 9.14 813.43 13.33
4271.68 9.24 795.50 10.04
4288.00 9.19 782.06 11.42
4304.50 9.29 772.87 24.50
4320.81 9.21 756.56 10.32
4337.18 9.14 744.37 11.63
4353.75 9.24 725.81 9.66
4370.06 9.18 707.93 12.77
4386.43 9.09 697.75 9.16
4402.87 9.20 681.56 9.93
4419.18 9.14 663.43 20.85
4435.68 9.24 651.75 10.04
4452.06 9.18 636.12 10.03
4468.50 9.07 621.31 10.93
4484.93 9.19 607.25 8.14
4501.31 9.11 588.75 16.60
4517.75 9.23 577.93 8.60
4534.06 9.18 563.68 14.22
4550.43 9.10 551.50 12.99
4566.87 9.20 533.00 8.83
4583.18 9.14 518.00 8.16
4599.68 9.25 506.50 10.96
4616.00 9.19 498.87 24.78
4632.50 9.08 477.00 12.63
4648.93 9.18 465.93 8.81
4665.31 9.11 450.62 18.09
4681.68 9.25 442.43 7.50
4698.00 9.17 423.93 15.07
4714.50 9.08 417.68 16.23
4730.87 9.20 408.62 5.87
4747.25 9.13 394.43 16.07
4763.68 9.25 396.93 25.32
4780.00 9.17 379.31 6.34
4796.50 9.08 369.62 6.90
4812.93 9.19 361.37 8.48
4829.31 9.12 361.43 19.98
4845.68 9.00 339.62 34.04
4862.06 9.15 346.37 12.71
4878.43 9.08 333.00 13.22
4894.87 9.20 331.68 10.34
4911.37 9.10 325.12 6.23
4927.68 9.03 324.12 9.90
4944.12 9.14 316.43 12.10
4960.50 9.06 312.56 9.42
4976.93 9.18 317.31 14.23
4993.37 9.09 310.68 10.94
5009.75 9.01 313.87 10.02
5026.18 9.12 312.06 5.43
5042.50 9.05 319.37 27.87
5059.06 9.14 313.75 11.70
5075.56 9.18 309.68 21.57
5092.12 9.09 316.93 10.85
5108.50 9.19 329.37 24.95
5124.87 9.14 323.06 11.95
5141.31 9.24 327.75 21.14
5157.68 9.15 336.43 7.21
5174.18 9.08 342.50 16.39
5190.56 9.18 348.87 8.75
5206.87 9.10 356.75 6.81
5223.50 9.46 366.56 11.60
5239.81 9.38 372.00 7.74
5256.25 9.31 382.62 8.42
5272.62 9.42 388.93 8.32
5288.93 9.34 396.43 17.96
5305.43 9.47 408.18 10.04
5321.75 9.40 423.00 9.48
5338.12 9.33 437.87 14.47
5354.68 9.41 444.12 8.57
5370.93 9.36 455.50 11.69
5387.37 9.54 465.06 17.28
5403.81 9.39 478.56 11.70
5420.18 9.33 496.37 12.85
5436.68 9.41 508.87 12.10
5452.93 9.36 520.12 8.37
5469.43 9.52 536.25 13.95
5485.81 9.38 548.12 12.99
5502.25 9.32 561.93 8.54
5518.75 9.40 575.81 10.34
5534.93 9.36 596.00 29.60
5551.43 9.52 604.68 8.42
5567.75 9.40 614.75 11.94
5584.25 9.32 634.68 15.79
5600.68 9.42 641.50 18.99
5616.93 9.36 658.06 10.98
5633.50 9.51 670.87 14.82
5649.81 9.38 688.43 13.28
5666.25 9.28 704.00 12.12
5682.68 9.42 713.62 7.32
5699.06 9.33 728.50 8.16
5715.43 9.28 744.81 15.47
5731.81 9.38 755.87 9.16
5748.18 9.29 771.93 15.29
5764.62 9.43 776.62 6.45
5781.00 9.35 790.87 6.05
5797.37 9.29 795.06 16.50
5813.87 9.37 813.00 9.35
5830.12 9.32 823.81 9.46
5846.62 9.44 836.68 8.94
5863.06 9.33 842.31 7.50
5879.37 9.30 856.12 11.36
5895.87 9.37 858.93 6.88
5912.25 9.27 870.93 9.86
5928.68 9.43 877.37 5.71
5945.06 9.32 883.31 6.23
5961.50 9.27 889.75 19.35
5977.93 9.35 894.81 10.08
5994.31 9.25 904.81 11.08
6010.68 9.46 907.00 5.44
6027.12 9.30 912.06 4.25
6043.56 9.24 919.06 11.57
6060.00 9.33 918.31 5.74
6076.37 9.28 919.18 7.96
6092.81 9.49 925.62 17.09
6109.31 9.32 919.87 9.83
6125.68 9.27 922.81 11.59
6142.06 9.38 920.25 14.18
6158.37 9.31 922.93 5.27
6174.81 9.25 925.31 8.05
6191.25 9.34 919.50 7.08
6207.68 9.27 915.75 8.42
6224.18 9.60 914.75 10.99
6240.50 9.53 913.81 13.97
6256.93 9.71 906.68 7.44
6273.31 9.58 906.43 22.71
6289.62 9.53 884.18 33.87
6306.18 9.60 888.12 6.51
6322.43 9.54 880.75 6.92
6338.93 9.71 872.12 13.15
6355.31 9.58 865.75 7.10
6371.75 9.52 861.62 16.76
6388.18 9.63 850.37 8.26
6404.50 9.54 831.81 32.77
6421.00 9.71 825.25 23.25
6437.31 9.58 825.87 19.02
6453.75 9.48 811.00 9.51
6470.12 9.69 800.06 6.45
6486.56 9.53 787.75 13.03
6503.06 9.70 778.62 17.61
6519.37 9.56 767.00 10.97
6535.75 9.48 753.18 9.93
6552.18 9.64 739.06 8.55
6568.56 9.53 728.50 11.19
6584.87 9.49 716.12 12.12
6601.37 9.56 701.62 11.82
6617.62 9.51 686.06 12.57
6634.18 9.63 676.81 9.78
6650.56 9.54 665.00 16.87
6666.93 9.48 651.25 15.09
6683.37 9.58 636.50 9.26
6699.68 9.50 623.31 14.49
6716.18 9.63 607.75 8.36
6732.56 9.53 594.00 8.92
6748.87 9.50 581.50 8.63
6765.37 9.58 570.81 10.41
6781.68 9.50 553.87 7.95
6798.12 9.69 541.31 10.93
6814.62 9.51 528.18 11.27
6830.93 9.49 517.31 8.34
6847.37 9.60 507.75 12.20
6863.75 9.50 492.50 6.93
6880.18 9.68 482.75 10.59
6896.62 9.51 468.56 12.39
6913.00 9.43 457.93 6.66
6929.37 9.60 447.31 7.90
6945.81 9.48 442.18 11.32
6962.25 9.67 428.25 21.24
6978.62 9.52 414.62 21.90
6995.06 9.42 409.62 6.96
7011.50 9.57 402.00 8.86
7027.87 9.47 396.12 7.40
7044.12 9.44 395.43 22.66
7060.62 9.51 382.62 4.70
7077.00 9.49 377.87 10.39
7093.56 9.60 368.68 4.91
7110.00 9.49 367.12 11.56
7126.25 9.48 357.00 16.80
7142.68 9.56 356.37 6.96
7159.00 9.49 346.68 19.62
7175.68 9.60 350.00 6.75
7192.00 9.50 346.87 5.01
7208.25 9.44 350.68 14.34
7224.81 9.79 344.37 5.31
7241.12 9.72 346.06 7.50
7257.62 9.90 346.87 10.78
7274.06 9.73 346.50 6.94
7290.37 9.90 346.18 5.76
7306.81 9.79 346.56 16.02
7323.12 9.72 355.50 10.39
7339.62 9.90 352.25 13.84
7356.12 9.73 351.87 20.33
7372.43 9.90 364.81 10.19
7388.87 9.79 366.43 7.67
7405.25 9.72 371.93 8.71
7421.68 9.90 381.93 12.98
7438.06 9.75 386.25 5.55
7454.37 9.67 393.68 7.83
7470.81 9.82 399.87 5.94
7487.18 9.71 410.31 14.10
7503.62 9.90 411.68 14.94
7519.93 9.76 424.31 9.68
7536.31 9.70 433.37 7.06
7552.81 9.82 445.87 13.19
7569.18 9.71 454.50 19.20
7585.50 9.93 464.00 7.15
7601.93 9.76 472.37 13.08
7618.25 9.72 486.12 11.08
7634.87 9.81 496.00 8.18
7651.25 9.71 507.87 6.83
7667.50 9.89 517.25 10.69
7683.93 9.78 532.93 9.31
7700.31 9.71 551.18 30.99
7716.75 9.89 556.62 8.53
7733.25 9.71 569.93 11.23
7749.50 9.89 581.31 7.62
7765.93 9.78 592.18 13.43
7782.31 9.71 611.50 29.83
7798.75 9.89 626.56 21.68
7815.31 9.70 629.93 14.32
7831.56 9.89 643.56 10.43
7848.06 9.77 660.12 15.76
7864.37 9.71 671.31 7.68
7880.81 9.88 678.75 15.78
7897.25 9.73 700.25 23.30
7913.56 9.65 706.25 7.72
7930.00 9.80 712.37 25.18
7946.43 9.69 724.00 17.67
7962.81 9.87 740.75 7.32
7979.25 9.72 752.93 6.82
7995.62 9.63 767.00 18.70
8012.12 9.75 775.50 9.01
8028.43 9.68 785.56 7.46
8044.81 9.89 799.81 17.98
8061.25 9.72 804.75 13.53
8077.62 9.63 808.43 17.88
8094.18 9.75 825.06 19.19
8110.50 9.68 827.31 17.31
8126.81 9.89 838.00 22.72
8143.31 9.74 846.68 9.54
8159.68 9.63 854.62 5.57
8176.18 9.81 859.00 3.20
8192.56 9.68 862.56 5.29
8208.87 9.87 869.68 3.37
8225.31 9.74 874.50 4.03
8241.81 9.86 878.87 4.43
8258.12 9.85 883.00 4.60
8274.62 9.91 879.31 18.99
8290.87 9.87 888.87 6.76
8307.31 9.74 891.81 9.55
8323.75 9.90 893.00 12.15
8340.12 9.85 893.25 8.55
8356.56 9.71 889.00 14.41
8372.87 9.87 895.43 11.54
8389.31 9.75 902.00 38.22
