2 0
55 374
71 338
87 296
104 262
120 232
137 213
153 196
169 199
186 206
202 220
219 244
235 277
251 320
268 364
284 415
300 471
317 532
333 585
350 654
366 715
382 809
399 831
415 881
432 923
448 965
464 995
481 1009
497 1028
514 1032
530 1037
546 1019
563 997
580 983
597 927
613 888
630 833
646 780
662 724
679 665
695 603
711 544
728 488
744 435
761 387
777 335
793 307
810 275
826 252
843 237
859 220
875 235
892 245
908 229
925 293
941 328
957 351
974 416
990 469
1007 540
1023 578
1039 634
1056 691
1072 747
1089 798
1105 838
1121 888
1138 928
1154 970
1170 987
1187 995
1203 1003
1220 1003
1236 994
1252 975
1269 948
1285 918
1302 880
1318 834
1334 788
1351 739
1367 686
1384 610
1400 575
1416 517
1433 455
1449 424
1466 382
1482 329
1498 318
1515 294
1531 265
1548 265
1564 268
1581 275
1598 290
1614 313
1631 327
1647 379
1663 421
1680 466
1696 514
1713 569
1729 616
1745 672
1762 720
1778 755
1795 814
1811 857
1827 891
1844 925
1860 944
1877 964
1893 975
1909 970
1926 967
1942 954
1959 928
1975 905
1991 871
2008 812
2024 792
2040 745
2057 695
2073 643
2090 599
2106 548
2122 502
2139 451
2155 416
2172 379
2188 341
2204 320
2221 308
2237 298
2254 293
2270 300
2286 311
2303 332
2319 353
2336 385
2352 422
2368 464
2385 508
2401 549
2418 598
2434 656
2450 695
2467 744
2483 774
2499 822
2516 859
2532 832
2549 910
2565 927
2583 907
2599 942
2615 936
2632 890
2648 911
2665 884
2681 854
2697 822
2714 783
2730 742
2747 699
2763 653
2779 597
2796 561
2812 513
2829 475
2845 438
2861 406
2878 375
2894 355
2910 337
2927 325
2943 329
2960 329
2976 340
2992 353
3009 356
3025 401
3042 435
3058 491
3074 513
3091 548
3107 589
3124 638
3140 686
3156 733
3173 766
3189 800
3206 829
3222 858
3238 882
3255 900
3271 914
3288 911
3304 916
3320 908
3337 887
3353 866
3369 843
3386 815
3402 785
3419 746
3435 705
3451 664
3468 620
3484 580
3501 542
3517 500
3533 466
3550 433
3566 407
3584 412
3600 366
3617 355
3633 368
3649 348
3666 359
3682 365
3699 396
3715 414
3731 438
3748 473
3764 508
3780 549
3797 586
3813 624
3830 665
3846 705
3862 741
3879 777
3895 808
3912 834
3928 852
3944 874
3961 881
3977 887
3994 891
4010 880
4026 873
4043 852
4059 830
4076 800
4092 772
4108 763
4125 704
4141 671
4158 588
4174 590
4190 552
4207 468
4223 486
4239 457
4256 437
4272 414
4289 391
4305 390
4321 374
4338 379
4354 389
4371 393
4387 408
4403 428
4420 454
4436 481
4453 515
4469 547
4485 584
4502 628
4518 659
4535 694
4551 729
4567 765
4585 793
4601 820
4618 837
4634 854
4650 866
4667 869
4683 872
4700 866
4716 857
4732 841
4749 824
4765 798
4782 790
4798 739
4814 709
4831 663
4847 639
4864 602
4880 558
4896 534
4913 501
4929 473
4945 454
4962 427
4978 411
4995 407
5011 393
5027 392
5044 398
5060 408
5077 421
5093 437
5109 454
5126 485
5142 515
5159 563
5175 576
5191 612
5208 656
5224 675
5241 709
5257 756
5273 769
5290 794
5306 832
5323 830
5339 842
5355 838
5372 851
5388 850
5404 847
5421 823
5437 806
5454 786
5470 766
5486 736
5503 707
5519 677
5536 641
5552 607
5568 575
5585 543
5602 515
5618 489
5635 462
5651 443
5667 427
5684 410
5700 408
5717 409
5733 409
5749 418
5766 426
5782 484
5799 470
5815 497
5831 517
5848 546
5864 573
5881 611
5897 637
5913 668
5930 704
5946 727
5962 755
5979 770
5995 795
6012 817
6028 824
6044 839
6061 836
6077 836
6094 826
6110 821
6126 802
6143 785
6159 762
6176 739
6192 708
6208 677
6225 647
6241 621
6258 543
6274 561
6290 530
6307 538
6323 479
6340 462
6356 441
6372 435
6389 425
6405 427
6421 423
6438 428
6454 419
6471 456
6487 470
6503 492
6520 512
6536 539
6553 566
6569 601
6585 628
6602 657
6618 685
6635 712
6651 738
6667 761
6684 781
6700 797
6717 809
6733 818
6749 825
6766 821
6782 798
6799 809
6815 799
6831 792
6848 761
6864 738
6881 708
6897 685
6913 660
6930 636
6946 599
6963 571
6979 560
6995 523
7012 502
7028 483
7044 460
7061 449
7077 445
7094 443
7110 443
7126 438
7143 444
7159 460
7176 480
7192 492
7208 496
7225 536
7241 561
7258 586
7274 607
7290 644
7307 697
7323 691
7340 713
7356 727
7372 754
7389 773
7405 794
7422 799
7438 800
7454 789
7471 800
7487 801
7503 793
7520 776
7536 759
7553 741
7569 721
7586 699
7602 675
7618 648
7635 621
7651 601
7668 575
7684 549
7700 529
7717 512
7733 496
7750 481
7766 473
7782 413
7799 465
7815 465
7831 522
7848 477
7864 484
7881 491
7897 522
7913 541
7930 560
7946 582
7963 607
7979 623
7995 655
8012 681
8028 703
8045 717
8061 736
8077 754
8094 769
8110 779
8127 781
8143 789
8159 787
8176 779
8192 770
8209 777
8225 753
8241 738
8258 669
8274 693
8290 671
8307 665
8323 625
8340 607
8356 584
8372 560
8389 541
8405 509
8422 512
8438 490
8454 487
8471 480
8487 473
8504 472
8520 476
8536 478
8553 491
8569 506
8586 520
8602 541
8618 555
8635 575
8651 598
8668 618
8684 638
8700 667
8717 687
8733 707
8749 721
8766 734
8782 719
8799 756
8815 762
8831 839
8848 773
8864 768
8881 770
8897 755
8913 743
8930 722
8946 709
8963 694
8979 678
8995 661
9012 635
9028 616
9045 593
9061 572
9077 555
9094 541
9110 526
9127 520
9143 504
9159 501
9176 491
9192 491
9208 413
9225 502
9241 504
9258 562
9274 529
9290 547
9307 562
9323 578
9340 597
9356 622
9372 632
9389 658
9405 671
9422 694
9438 708
9454 730
9471 736
9487 751
9504 754
9520 755
9536 760
9553 760
9569 753
9586 747
9602 736
9618 725
9635 714
9651 695
9668 676
9684 657
9700 637
9717 619
9733 602
9750 583
9766 568
9782 545
9799 538
9815 524
9832 415
9848 505
9864 500
9881 497
9897 498
9914 501
9930 506
9946 519
9963 528
9979 566
9995 556
10012 575
10028 592
10045 608
10061 628
10077 647
10094 663
10110 682
10127 701
10143 714
10159 720
10176 733
10192 741
10209 759
10225 747
10241 747
10258 749
10274 740
10291 732
10307 722
10323 707
10340 694
10356 680
10373 661
10389 643
10405 643
10422 609
10438 592
10454 576
10471 558
10487 545
10504 534
10520 524
10536 515
10553 504
10569 508
10586 507
10602 512
10618 515
10635 520
10651 531
10668 545
10684 555
10700 572
10717 589
10733 607
10750 623
10766 639
10782 669
10799 676
10815 690
10832 720
10848 719
10864 726
10881 729
10897 738
10914 742
10930 730
10946 738
10963 736
10979 722
10995 719
11012 706
11028 693
11045 681
11061 663
11077 649
11094 635
11110 614
11127 598
11143 582
11159 569
11176 558
11192 542
11209 532
11225 526
11241 514
11258 560
11274 517
11291 516
11307 522
11323 526
11340 536
11356 548
11373 556
11389 568
11405 601
11422 598
11438 617
11454 624
11471 647
11487 660
11504 667
11520 695
11536 704
11553 712
11569 718
11586 724
11602 728
11618 731
11635 732
11651 727
11668 721
11684 715
11700 706
11717 695
11733 681
11750 668
11766 652
11782 675
11799 624
11815 605
11832 653
11848 579
11864 566
11881 554
11897 545
11914 535
11930 526
11946 527
11963 523
11979 514
11995 529
12012 529
12028 537
12045 545
12061 557
12077 566
12094 583
12110 599
12127 614
12143 623
12159 641
12176 655
12192 666
12209 676
12225 692
12241 700
12258 691
12274 714
12291 722
12307 696
12323 721
12340 723
12356 736
12373 712
12389 703
12405 687
12422 682
12438 668
12454 652
12471 642
12487 630
12504 622
12520 600
12536 587
12553 581
12569 567
12586 558
12602 547
12618 542
12635 539
12651 534
12668 537
12684 539
12700 543
12717 549
12733 558
12750 566
12766 577
12782 593
12799 599
12815 611
12832 656
12848 638
12864 653
12881 650
12897 675
12914 685
12930 692
12946 700
12963 704
12979 715
12995 708
13012 708
13028 712
13045 702
13061 701
13077 695
13094 687
13110 671
13127 664
13143 654
13159 643
13176 629
13192 616
13209 611
13225 593
13241 584
13258 565
13274 567
13291 559
13307 526
13323 552
13340 548
13356 548
13373 554
13389 552
13405 580
13422 562
13438 568
13454 586
13471 584
13487 599
13504 606
13520 618
13536 632
13553 642
13569 654
13586 665
13602 673
13618 684
13635 690
13651 696
13668 697
13684 698
13700 702
13717 702
13733 703
13750 693
13766 686
13782 682
13799 674
13815 667
13832 634
13848 647
13864 632
13881 619
13897 613
13914 602
13930 581
13946 584
13963 574
13979 560
13995 565
14012 560
14028 559
14045 556
14061 565
14077 560
14094 566
14110 566
14127 577
14143 587
14159 596
14176 601
14192 614
14209 624
14225 632
14241 640
14258 641
14274 663
14291 667
14307 683
14323 685
14340 685
14356 696
14373 690
14389 692
14405 685
14422 689
14438 682
14454 689
14471 671
14487 668
14504 667
14520 649
14536 640
14553 629
14569 615
14586 610
14602 598
14618 593
14635 586
14651 577
14668 570
14684 564
14700 562
14717 563
14733 560
14750 564
14766 563
14782 538
14799 576
14815 578
14832 586
14848 597
14864 608
14881 635
14897 621
14914 632
14930 648
14946 648
14963 662
14979 667
14995 675
15012 676
15028 683
15045 687
15061 691
15077 684
15094 688
15110 685
15127 679
15143 676
15159 672
15176 668
15192 661
15209 649
15225 641
15241 629
15258 620
15274 613
15291 605
15307 641
15323 591
15340 582
15356 579
15373 576
15389 573
15405 553
15422 569
15438 569
15454 569
15471 573
15487 581
15504 581
15520 594
15536 601
15553 613
15569 616
15586 625
15602 640
15618 645
15635 657
15651 659
15668 663
15684 672
15700 681
15717 682
15733 686
15750 689
15766 690
15782 628
15799 683
15815 682
15832 693
15848 669
15864 659
15881 640
15897 648
15914 636
15930 637
15946 623
15963 611
15979 613
15995 596
16012 593
16028 590
16045 580
16061 569
16077 573
16094 570
16110 572
16127 575
16143 575
16159 580
16176 582
16192 587
16209 594
16225 601
16241 612
16258 617
16274 624
16291 633
16307 624
16323 651
16340 656
16356 732
16373 670
16389 673
16405 679
16422 680
16438 684
16454 679
16471 683
16487 681
16504 673
16520 675
16536 666
16553 662
16569 656
16586 649
16602 638
16618 631
16635 617
16651 612
16668 607
16684 597
16700 591
16717 584
16733 583
16750 576
16766 576
16782 556
16799 572
16815 570
16832 576
16848 571
16864 586
16881 591
16897 593
16914 597
16930 600
16946 615
16963 621
16979 625
16995 639
17012 648
17028 649
17045 659
17061 663
17077 671
17094 676
17110 675
17127 678
17143 678
17159 679
17176 681
17192 676
17209 674
17225 667
17241 663
17258 615
17274 657
17291 645
17307 671
17323 629
17340 623
17356 625
17373 605
17389 604
17405 578
17422 589
17438 587
17454 581
17471 580
17487 581
17504 577
17520 575
17536 575
17553 580
17569 583
17586 590
17602 592
17618 597
17635 605
17651 610
17668 617
17684 626
17700 635
17717 635
17733 644
17750 648
17766 655
17782 658
17799 664
17815 664
17832 674
17848 668
17864 666
17881 668
17897 670
17914 667
17930 674
17946 657
17963 650
17979 647
17995 640
18012 635
18028 628
18045 619
18061 617
18077 612
18094 607
18110 598
18127 592
18143 590
18159 588
18176 585
18192 586
18209 586
18225 585
18241 588
18258 553
18274 592
18291 598
18307 646
18323 614
18340 615
18356 559
18373 624
18389 632
18405 649
18422 645
18438 653
18454 666
18471 659
18487 663
18504 659
18520 666
18536 670
18553 671
18569 671
18586 664
18602 668
18618 659
18635 657
18651 658
18668 648
18684 644
18700 638
18717 636
18733 627
18750 619
18766 616
18782 609
18799 607
18815 604
18832 592
18848 598
18864 592
18881 582
18897 589
18914 592
18930 590
18946 594
18963 599
18979 605
18995 604
19012 605
19028 610
19045 617
19061 620
19077 627
19094 633
19110 637
19127 643
19143 644
19159 649
19176 648
19192 653
19209 655
19225 658
19241 657
19258 642
19274 658
19291 656
19307 637
19323 648
19340 649
19356 609
19373 641
19389 635
19405 636
19422 626
19438 619
19454 621
19471 613
19487 605
19504 612
19520 601
19536 598
19553 597
19569 595
19586 595
19602 595
19618 593
19635 595
19651 598
19668 601
19684 607
19700 611
19717 609
19733 617
19750 622
19766 625
19782 634
19799 638
19815 639
19832 642
19848 650
19864 654
19881 667
19897 658
19914 658
19930 675
19946 661
19963 656
19979 655
19995 655
20012 651
20028 645
20045 644
20061 643
20077 633
20094 631
20110 627
20127 624
20143 615
20159 615
20176 606
20192 604
20209 599
20225 603
20241 601
20258 606
20274 595
20291 596
20307 643
20323 602
20340 603
20356 555
20373 606
20389 612
20405 616
20422 618
20438 621
20454 622
20471 633
20487 637
20504 638
20520 644
20536 646
20553 654
20569 652
20586 658
20602 657
20618 658
20635 660
20651 658
20668 655
20684 654
20700 650
20717 645
20733 645
20750 640
20766 636
20782 632
20799 623
20815 617
20832 557
20848 610
20864 608
20881 610
20897 604
20914 598
20930 582
20946 595
20963 599
20979 608
20995 597
21012 599
21028 601
21045 602
21061 610
21077 606
21094 614
21110 615
21127 623
21143 628
21159 635
21176 635
21192 642
21209 647
21225 646
21241 649
21258 659
21274 656
21291 657
21307 638
21323 658
21340 652
21356 682
21373 653
21389 651
21405 654
21422 644
21438 642
21454 642
21471 631
21487 631
21504 617
21520 622
21536 615
21553 612
21569 612
21586 607
21602 604
21618 601
21635 601
21651 600
21668 599
21684 600
21700 599
21717 603
21733 605
21750 608
21766 607
21782 562
21799 616
21815 619
21832 596
21848 628
21864 633
21881 638
21897 641
21914 640
21930 634
21946 648
21963 654
21979 650
21995 658
22012 656
22028 654
22045 654
22061 652
22077 653
22094 650
22110 646
22127 644
22143 641
22159 635
22176 628
22192 625
22209 624
22225 621
22241 613
22258 663
22274 608
22291 607
22307 552
22323 602
22340 602
22356 526
22373 603
22389 601
22405 606
22422 604
22438 606
22454 616
22471 612
22487 615
22504 623
22520 624
22536 626
22553 629
22569 634
22586 634
22602 639
22618 642
22635 640
22651 646
22668 646
22684 645
22700 647
22717 649
22733 650
22750 642
22766 642
22782 654
22799 636
22815 631
22832 579
22848 631
22864 630
22881 623
22897 623
22914 620
22930 604
22946 613
22963 615
22979 606
22995 610
23012 609
23028 611
23045 610
23061 612
23077 609
23094 608
23110 612
23127 615
23143 615
23159 617
23176 619
23192 623
23209 626
23225 629
23241 631
23258 643
23274 633
23291 638
23307 638
23323 640
23340 641
23356 601
23373 642
23389 643
23405 647
23422 642
23438 641
23454 641
23471 638
23487 638
23504 615
23520 632
23536 631
23553 629
23569 626
23586 624
23602 624
23618 622
23635 617
23651 615
23668 616
23684 611
23700 616
23717 611
23733 613
23750 608
23766 610
23782 630
23799 612
23815 616
23832 596
23848 617
23864 620
23881 631
23897 623
23914 629
23930 629
23946 634
23963 636
23979 646
23995 634
24012 633
24028 622
24045 641
24061 638
24077 637
24094 635
24110 633
24127 635
24143 634
24159 635
24176 633
24192 628
24209 629
24225 626
24241 627
24258 721
24274 623
24291 623
24307 600
24323 622
24340 617
24356 580
24373 619
24389 619
24405 603
24422 617
24438 618
24454 634
24471 620
24487 626
24504 615
24520 624
24536 624
24553 628
24569 629
24586 631
24602 636
24618 633
24635 636
24651 632
24668 636
24684 635
24700 640
24717 636
24733 639
24750 637
24766 635
24782 637
24799 634
24815 638
24832 656
24848 628
24864 627
24881 628
24897 624
24914 624
24930 618
24946 622
24963 620
24979 615
24995 616
25012 616
25028 627
25045 618
25061 615
25077 623
25094 615
25110 613
25127 667
25143 694
25159 710
25176 725
25192 730
25209 735
25225 734
25241 740
25258 772
25274 727
25291 720
25307 685
25323 713
25340 703
25356 685
25373 692
25389 682
25405 676
25422 677
25438 674
25454 681
25471 670
25487 670
25504 688
25520 658
25536 661
25553 658
25569 660
25586 658
25602 655
25618 652
25635 652
25651 654
25668 655
25684 655
25700 657
25717 647
25733 650
25750 649
25766 651
25782 661
25799 646
25815 648
25832 690
25848 642
25864 646
25881 637
25897 646
25914 643
25930 649
25946 644
25963 638
25979 640
25995 645
26012 644
26028 654
26045 638
26061 638
26077 641
26094 644
26110 639
26127 638
26143 639
26159 639
26176 637
26192 639
26209 638
26225 638
26241 639
26258 645
26274 637
26291 635
26307 668
26323 639
26340 636
26356 617
26373 633
26389 637
26405 645
26422 635
26438 633
26454 638
26471 632
26487 635
26504 624
26520 635
26536 637
26553 632
26569 633
26586 634
26602 632
26618 633
26635 634
26651 635
26668 629
26684 630
26700 633
26717 632
26733 633
26750 633
26766 635
26782 565
26799 632
26815 631
26832 644
26848 635
26864 641
26881 619
26897 634
26914 632
26930 655
26946 633
26963 633
26979 633
26995 634
27012 635
27028 637
27045 636
27061 630
27077 630
27094 633
27110 632
27127 631
27143 630
27159 629
27176 627
27192 627
27209 633
27225 632
27241 631
27258 662
27274 628
27291 629
27307 623
27323 632
27340 629
27356 633
27373 627
27389 627
27405 628
27422 633
27438 628
27454 624
27471 625
27487 628
27504 638
27520 631
27536 629
27553 628
27569 625
27586 630
27602 630
27618 632
27635 627
27651 628
27668 631
27684 628
27700 632
27717 633
27733 631
27750 628
27766 624
27782 626
27799 633
27815 630
27832 688
27848 630
27864 628
27881 766
27897 629
27914 637
27930 633
27946 630
27963 629
27979 637
27995 633
28012 632
28028 649
28045 629
28061 627
28077 634
28094 631
28110 633
28127 633
28143 637
28159 629
28176 628
28192 627
28209 629
28225 633
28241 635
28258 665
28274 630
28291 629
28307 672
28323 633
28340 632
28356 627
28373 630
28389 627
28405 652
28422 629
28438 626
28454 629
28471 630
28487 632
28504 627
28520 628
28536 629
28553 628
28569 631
28586 633
28602 634
28618 626
28635 629
28651 627
28668 628
28684 628
28700 632
28717 631
28733 633
28750 627
28766 634
28782 698
28799 629
28815 628
28832 628
28848 630
28864 631
28881 589
28897 628
28914 630
28930 633
28946 625
28963 627
28979 623
28995 631
29012 632
29028 609
29045 627
29061 629
29077 628
29094 629
29110 628
29127 634
29143 632
29159 630
29176 631
29192 629
29209 627
29225 627
29241 628
29258 654
29274 629
29291 631
29307 691
29323 633
29340 631
29356 624
29373 629
29389 628
29405 640
29422 630
29438 628
29454 641
29471 631
29487 633
29504 624
29520 629
29536 631
29553 632
29569 632
29586 630
29602 630
29618 632
29635 631
29651 630
29668 630
29684 628
29700 633
29717 628
29733 631
29750 632
29766 632
29782 663
29799 630
29815 629
29832 575
29848 631
29864 631
29881 605
29897 630
29914 631
29930 624
29946 629
29963 631
29979 629
29995 631
30012 631
30028 620
30045 628
30061 630
30077 634
30094 628
30110 630
30127 632
30143 632
30159 629
30176 629
30192 630
30209 628
30225 630
30241 630
30258 636
30274 631
30291 631
30307 650
30323 630
30340 631
30356 627
30373 629
30389 630
30405 623
30422 630
30438 628
30454 635
30471 631
30487 631
30504 632
30520 630
30536 630
30553 628
30569 632
30586 626
30602 628
30618 628
30635 632
30651 629
30668 627
30684 632
30700 631
30717 631
30733 632
30750 630
30766 631
30782 628
30799 630
30815 629
30832 638
30848 629
30864 632
30881 653
30897 630
30914 629
30930 631
30946 632
30963 632
30979 639
30995 629
31012 630
31028 613
31045 630
31061 633
31077 628
31094 630
31110 630
31127 635
31143 629
31159 628
31176 631
31192 630
31209 635
31225 631
31241 632
31258 632
31274 626
31291 633
31307 635
31323 632
31340 632
31356 661
31373 629
31389 626
31405 635
31422 631
31438 635
31454 620
31471 631
31487 631
31504 631
31520 631
31536 631
31553 629
31569 631
31586 631
31602 633
31618 629
31635 628
31651 629
31668 633
31684 628
31700 628
31717 632
31733 629
31750 629
31766 633
31782 589
31799 629
31815 627
31832 567
31848 630
31864 627
31881 617
31897 631
31914 631
31930 635
31946 629
31963 628
31979 632
31995 629
32012 631
32028 622
32045 629
32061 632
32077 629
32094 628
32110 630
32127 630
32143 633
32159 630
32176 630
32192 631
32209 628
32225 632
32241 628
32258 637
32274 633
32291 631
32307 613
32323 632
32340 630
32356 689
32373 628
32389 629
32405 624
32422 629
32438 628
32454 624
32471 629
32487 629
32504 626
32520 629
32536 629
32553 621
32569 632
32586 631
32602 630
32618 630
32635 631
32651 632
32668 631
32684 626
32700 632
32717 629
32733 628
32750 627
32766 632
32782 676
32799 631
32815 633
32832 662
32848 630
32864 631
32881 567
32897 632
32914 630
32930 628
32946 630
32963 631
32979 628
32995 630
33012 631
33028 630
33045 629
33061 632
33077 630
33094 633
33110 633
33127 636
33143 630
33159 631
33176 628
33192 625
33209 631
33225 630
33241 635
33258 638
33274 631
33291 629
33307 615
33323 629
33340 633
33356 606
33373 627
33389 629
33405 627
33422 632
33438 629
33454 631
33471 632
33487 630
33504 631
33520 633
33536 629
33553 624
33569 633
33586 634
33602 633
