1.87 0.33 566.25 73.87
20.68 8.87 531.31 41.48
37.00 8.79 467.93 35.95
53.37 8.69 411.31 30.48
69.75 8.86 362.43 31.32
86.18 8.73 312.31 24.28
102.62 8.63 274.50 23.28
118.93 8.81 242.43 15.67
135.37 8.69 217.18 12.72
151.75 8.86 205.06 7.31
168.18 8.73 202.31 5.51
184.56 8.64 207.06 8.32
200.93 8.81 223.31 12.08
217.25 8.71 244.50 16.34
233.75 8.86 277.18 20.83
250.06 8.77 314.43 25.12
266.93 10.35 362.93 35.25
283.25 10.53 416.43 40.52
299.93 10.36 473.50 38.14
317.00 10.25 532.50 42.99
334.62 10.20 595.00 42.78
351.06 10.06 660.68 38.06
367.31 10.23 717.56 38.41
383.93 10.10 781.56 34.90
400.06 10.06 836.00 30.25
416.62 10.16 881.50 28.35
433.00 10.08 928.68 23.24
449.25 10.00 967.93 18.91
465.93 10.10 995.18 13.27
482.06 10.06 1016.68 10.56
498.62 10.16 1030.43 5.89
515.00 10.08 1034.50 9.79
531.18 10.02 1031.31 12.84
547.93 10.10 1017.18 16.71
564.06 10.06 997.81 23.92
580.62 10.16 963.31 24.17
597.00 10.08 929.00 32.03
613.18 10.02 885.62 36.77
629.87 10.12 836.43 35.96
646.06 10.06 782.37 36.14
662.50 10.21 727.37 29.71
679.00 10.08 662.00 37.98
695.12 10.04 604.81 37.18
711.81 10.15 543.68 49.42
728.06 10.06 490.75 32.50
744.37 10.25 438.50 29.59
761.00 10.08 388.62 28.73
777.12 10.04 346.56 22.82
793.68 10.18 310.37 21.40
810.06 10.06 275.68 17.50
826.31 10.23 256.00 9.77
842.93 10.10 239.62 12.80
859.06 10.06 241.18 21.04
875.62 10.16 241.37 9.64
892.00 10.08 257.06 20.88
908.25 10.00 271.18 17.33
924.93 10.10 301.18 22.45
941.06 10.06 333.37 26.26
957.62 10.16 373.18 30.53
974.00 10.08 418.18 34.98
990.18 10.02 469.37 33.34
1006.93 10.10 525.56 34.87
1023.06 10.06 576.93 39.45
1039.62 10.16 638.87 35.47
1056.00 10.08 693.18 34.85
1072.18 10.02 751.43 33.94
1088.87 10.12 803.75 30.59
1105.06 10.06 849.25 25.64
1121.50 10.21 889.68 19.90
1138.00 10.08 928.18 16.70
1154.12 10.04 958.37 12.65
1170.81 10.15 979.81 8.29
1187.06 10.06 994.93 4.88
1203.37 10.25 995.75 19.78
1220.00 10.08 996.12 14.78
1236.12 10.04 990.31 20.23
1252.68 10.18 973.87 19.65
1269.12 10.30 948.62 25.42
1285.37 10.47 909.18 32.99
1302.25 10.30 875.00 30.27
1318.68 10.20 830.31 31.11
1336.12 10.31 787.50 43.42
1352.43 10.17 725.75 35.17
1368.87 10.36 673.75 34.70
1385.37 10.19 624.06 35.62
1401.43 10.17 566.18 34.05
1418.18 10.28 522.43 41.69
1434.43 10.17 468.56 34.34
1450.87 10.36 419.25 26.83
1467.37 10.19 377.75 25.90
1483.43 10.17 342.81 18.45
1500.12 10.30 316.43 17.65
1516.43 10.17 291.18 11.83
1532.81 10.39 277.06 12.11
1549.37 10.19 274.12 20.07
1565.43 10.17 270.43 8.85
1582.12 10.30 279.31 11.57
1598.43 10.17 295.56 15.42
1614.68 10.43 318.93 20.25
1631.37 10.19 350.18 23.20
1647.43 10.17 385.06 26.02
1664.06 10.33 422.25 18.21
1680.43 10.17 475.12 30.42
1696.56 10.44 521.50 29.97
1713.18 10.28 570.87 29.80
1729.43 10.17 630.50 37.29
1745.87 10.36 677.87 31.47
1762.37 10.19 730.93 33.43
1778.43 10.17 772.62 29.89
1795.18 10.28 821.68 24.02
1811.43 10.17 863.50 22.95
1827.87 10.36 895.12 17.79
1844.37 10.19 924.18 14.83
1860.43 10.17 948.06 11.73
1877.18 10.28 963.00 8.18
1893.43 10.17 971.31 6.54
1909.87 10.36 969.75 13.41
1926.37 10.19 963.12 10.42
1942.43 10.17 946.93 17.36
1959.12 10.30 922.68 23.60
1975.43 10.17 901.06 24.25
1991.81 10.39 866.31 25.63
2008.37 10.19 822.87 26.48
2024.43 10.17 781.81 29.28
2041.12 10.30 737.18 29.73
2057.43 10.17 683.31 34.40
2073.68 10.43 637.93 29.43
2090.37 10.19 592.18 34.63
2106.43 10.17 542.50 31.64
2123.06 10.33 491.87 27.89
2139.43 10.17 446.56 24.52
2155.56 10.44 409.68 21.47
2172.18 10.28 376.00 18.43
2188.43 10.17 349.75 7.64
2204.87 10.36 321.50 14.60
2221.37 10.19 309.87 8.61
2237.43 10.17 302.81 10.92
2254.25 10.51 296.56 8.94
2270.50 10.40 303.43 10.38
2286.93 10.59 314.75 19.63
2303.68 10.39 344.06 27.98
2320.50 10.54 365.00 20.04
2337.06 10.36 395.00 21.10
2353.37 10.21 436.81 26.61
2370.00 10.37 475.31 27.06
2386.37 10.21 518.75 27.52
2402.75 10.43 562.12 32.42
2419.12 10.33 606.37 37.04
2435.37 10.21 660.18 27.00
2452.00 10.37 707.93 27.67
2468.37 10.21 757.43 28.05
2484.62 10.47 791.18 28.85
2501.12 10.33 832.50 22.45
2517.37 10.21 861.62 24.21
2533.93 10.40 901.31 22.16
2550.31 10.24 917.37 10.47
2566.50 10.23 932.06 13.86
2583.06 10.35 940.81 6.58
2599.37 10.21 943.62 7.40
2615.81 10.40 938.43 11.39
2632.25 10.25 923.93 15.96
2648.37 10.21 909.06 18.79
2665.06 10.35 884.31 19.73
2681.37 10.21 853.37 23.64
2697.81 10.40 818.56 24.83
2714.18 10.29 785.81 31.74
2730.37 10.21 737.93 28.19
2747.06 10.35 699.18 34.24
2763.37 10.21 651.06 33.83
2779.81 10.40 602.50 28.04
2796.12 10.33 559.75 28.76
2812.37 10.21 513.81 22.94
2829.00 10.37 472.00 22.84
2845.37 10.21 436.68 20.05
2861.75 10.43 400.93 16.10
2878.12 10.33 376.43 18.63
2894.37 10.21 353.56 11.29
2911.00 10.37 333.81 14.81
2927.37 10.21 321.50 27.84
2943.62 10.47 327.00 7.90
2960.12 10.33 325.62 12.85
2976.37 10.21 338.37 12.76
2992.93 10.40 358.50 24.15
3009.31 10.24 378.50 19.14
3025.50 10.23 408.37 23.40
3042.06 10.35 441.18 24.41
3058.37 10.21 476.25 22.91
3074.81 10.40 514.75 25.78
3091.25 10.25 559.68 29.67
3107.37 10.21 601.62 27.89
3124.06 10.35 640.87 30.45
3140.37 10.21 687.62 23.82
3156.81 10.40 729.00 23.81
3173.18 10.29 768.56 22.02
3189.37 10.21 810.18 25.36
3206.06 10.35 833.75 18.78
3222.37 10.21 868.06 17.07
3238.81 10.40 888.25 11.41
3255.18 10.56 904.31 10.13
3271.50 10.68 914.12 6.83
3288.06 10.60 918.12 8.97
3304.62 10.43 916.31 10.04
3321.62 10.57 900.37 19.87
3338.18 10.33 888.50 19.18
3354.50 10.55 868.37 19.48
3371.06 10.39 845.00 22.31
3387.25 10.29 812.25 30.05
3403.87 10.46 773.75 25.85
3420.18 10.33 748.00 38.92
3436.37 10.31 700.75 27.04
3453.00 10.42 658.37 31.59
3469.25 10.29 615.31 26.95
3485.75 10.47 577.00 31.86
3502.12 10.35 533.06 29.26
3518.25 10.29 497.68 25.08
3535.00 10.42 463.62 21.29
3551.25 10.29 429.31 17.83
3567.75 10.47 405.93 23.27
3584.06 10.39 381.93 14.61
3600.25 10.29 366.00 9.13
3617.00 10.42 352.37 13.36
3633.25 10.29 348.68 13.00
3649.75 10.47 354.56 9.54
3666.06 10.39 354.18 26.39
3682.25 10.29 374.37 14.55
3698.87 10.46 396.43 17.66
3715.25 10.29 412.00 31.13
3731.68 10.49 446.93 26.31
3748.06 10.39 479.68 23.10
3764.25 10.29 514.43 26.70
3780.87 10.46 550.43 28.47
3797.18 10.33 591.93 24.95
3813.50 10.55 641.06 44.53
3830.06 10.39 673.25 24.06
3846.25 10.29 711.18 23.16
3862.87 10.46 755.43 26.57
3879.18 10.33 786.50 24.30
3895.37 10.31 810.50 17.40
3912.00 10.42 837.50 12.61
3928.25 10.29 860.62 15.73
3944.75 10.47 877.12 9.28
3961.12 10.35 886.43 7.80
3977.25 10.29 890.62 14.07
3994.00 10.42 887.62 13.02
4010.25 10.29 886.50 15.50
4026.75 10.47 872.31 13.56
4043.06 10.39 859.37 19.12
4059.25 10.29 834.18 16.37
4076.00 10.42 815.62 41.10
4092.25 10.29 771.87 26.67
4108.75 10.47 731.31 27.71
4125.06 10.39 704.87 24.82
4141.25 10.29 665.56 27.16
4157.87 10.46 629.06 25.64
4174.25 10.29 590.06 25.57
4190.68 10.49 551.75 24.13
4207.06 10.39 519.56 21.92
4223.25 10.29 488.06 23.35
4239.87 10.46 459.75 26.43
4256.25 10.56 432.18 18.93
4272.56 10.78 405.75 15.67
4289.12 10.62 389.93 11.52
4305.50 10.51 379.81 7.66
4322.68 10.61 374.06 5.83
4339.25 10.35 372.43 10.60
4355.68 10.54 379.50 10.54
4372.06 10.47 385.87 19.03
4388.25 10.35 410.87 34.38
4404.93 10.51 426.06 20.47
4421.25 10.35 451.43 21.22
4437.68 10.54 485.37 20.30
4454.00 10.49 511.25 26.16
4470.25 10.35 545.81 25.75
4486.87 10.52 586.18 29.00
4503.18 10.40 625.00 24.34
4519.68 10.54 659.31 24.38
4536.00 10.49 695.87 19.90
4552.25 10.35 722.75 35.73
4568.81 10.54 764.31 22.63
4585.12 10.45 788.68 24.90
4601.68 10.54 815.06 14.44
4618.00 10.49 834.06 12.10
4634.25 10.35 849.25 14.16
4650.81 10.54 862.68 7.15
4667.12 10.45 860.56 17.45
4683.50 10.61 873.87 14.31
4700.00 10.49 867.12 11.22
4716.25 10.35 850.00 28.18
4732.81 10.54 841.43 16.29
4749.12 10.45 820.81 15.55
4765.37 10.37 795.62 18.10
4781.93 10.51 769.75 20.12
4798.25 10.35 740.43 21.27
4814.68 10.54 709.18 27.50
4831.06 10.47 675.56 25.33
4847.25 10.35 639.62 24.63
4863.93 10.51 599.25 25.62
4880.25 10.35 567.00 22.02
4896.68 10.54 544.37 37.89
4913.00 10.49 507.43 14.26
4929.25 10.35 477.87 17.80
4945.87 10.52 454.68 18.97
4962.18 10.40 430.75 18.55
4978.68 10.54 410.12 13.56
4995.00 10.49 402.93 7.50
5011.25 10.35 396.43 8.10
5027.81 10.54 394.93 22.64
5044.12 10.45 398.93 7.08
5060.68 10.54 414.81 23.14
5077.00 10.49 414.25 23.79
5093.25 10.35 438.56 15.41
5109.81 10.54 465.75 22.53
5126.12 10.45 486.43 18.73
5142.50 10.61 511.81 24.16
5159.00 10.49 544.87 21.28
5175.25 10.35 578.18 22.47
5191.81 10.54 611.93 21.07
5208.12 10.45 647.12 22.46
5224.37 10.37 679.93 22.12
5240.93 10.51 704.87 25.23
5257.31 10.58 740.56 19.68
5273.75 10.77 764.81 25.91
5290.12 10.69 789.12 18.20
5306.62 10.82 813.31 10.19
5323.81 10.71 829.87 9.86
5340.25 10.53 840.12 9.62
5356.87 10.69 847.00 5.96
5373.12 10.63 850.25 7.94
5389.68 10.71 844.56 10.73
5405.93 10.67 841.00 10.62
5422.25 10.53 826.75 13.84
5438.81 10.71 807.56 18.15
5455.00 10.65 790.81 17.90
5471.62 10.74 764.00 19.21
5487.93 10.67 737.06 23.42
5504.18 10.58 709.81 20.40
5520.81 10.71 678.37 20.85
5537.00 10.65 646.06 26.99
5553.50 10.78 614.75 21.09
5569.93 10.67 581.18 20.52
5586.18 10.58 551.06 18.82
5602.81 10.71 525.18 19.96
5619.00 10.65 496.68 15.73
5635.37 10.54 478.00 31.46
5651.87 10.69 453.81 11.46
5668.18 10.58 440.68 14.19
5684.68 10.71 425.12 13.41
5700.93 10.67 414.12 14.13
5717.25 10.53 416.75 10.21
5733.87 10.69 425.68 24.68
5750.12 10.63 425.00 10.81
5766.68 10.71 434.00 11.24
5782.93 10.67 448.00 13.59
5799.25 10.53 469.43 14.77
5815.87 10.69 488.62 19.87
5832.12 10.63 515.75 18.37
5848.68 10.71 543.56 19.57
5864.93 10.67 574.87 20.50
5881.25 10.53 603.93 19.87
5897.81 10.71 636.93 20.97
5914.00 10.65 663.93 20.51
5930.62 10.74 695.06 18.67
5946.93 10.67 725.00 21.39
5963.18 10.58 757.31 36.74
5979.81 10.71 772.12 13.32
5996.00 10.65 789.81 12.61
6012.50 10.78 806.56 16.99
6028.93 10.67 817.87 9.54
6045.18 10.58 828.18 5.76
6061.81 10.71 834.25 13.54
6078.00 10.65 828.68 17.27
6094.37 10.54 823.18 8.26
6110.87 10.69 812.81 8.89
6127.18 10.58 795.68 29.64
6143.68 10.71 781.18 13.88
6159.93 10.67 761.56 15.76
6176.25 10.53 737.31 17.26
6192.87 10.69 711.00 21.39
6209.12 10.63 684.18 23.82
6225.68 10.71 654.87 20.00
6241.93 10.67 631.87 36.11
6258.37 10.97 596.06 19.96
6274.93 10.91 566.12 17.18
6291.18 10.86 539.87 15.87
6307.93 10.92 515.31 16.95
6324.62 10.88 490.68 14.75
6341.37 10.92 475.93 14.67
6357.68 10.85 454.93 9.95
6373.87 10.82 445.37 15.58
6390.56 10.88 434.50 7.58
6406.75 10.84 433.81 8.17
6423.31 10.93 432.81 6.83
6439.68 10.85 439.31 9.18
6455.87 10.82 447.56 11.66
6472.50 10.92 456.37 13.99
6488.75 10.84 477.50 14.35
6505.12 10.72 494.68 19.73
6521.62 10.87 517.25 18.13
6537.87 10.82 537.18 27.77
6554.37 10.92 568.00 23.35
6570.68 10.85 598.31 20.02
6587.00 10.70 620.31 15.90
6603.62 10.87 657.87 20.92
6619.87 10.82 683.31 19.11
6636.37 10.92 698.81 18.82
6652.68 10.85 732.12 16.93
6669.00 10.70 754.56 13.12
6685.62 10.87 773.00 15.16
6701.75 10.84 786.37 13.09
6718.37 10.92 799.31 17.24
6734.68 10.85 814.93 17.41
6750.87 10.82 813.81 6.64
6767.56 10.88 825.31 28.67
6783.75 10.84 810.56 14.11
6800.37 10.92 803.25 10.55
6816.68 10.85 790.68 12.86
6832.87 10.82 784.62 36.95
6849.56 10.88 758.93 14.69
6865.75 10.84 735.06 16.44
6882.31 10.93 711.31 16.38
6898.68 10.85 685.75 18.74
6914.87 10.82 660.50 16.67
6931.50 10.92 634.68 18.17
6947.75 10.84 605.37 20.91
6964.12 10.72 584.00 16.81
6980.62 10.87 551.93 16.32
6996.87 10.82 526.81 18.99
7013.37 10.92 506.31 19.93
7029.68 10.85 491.50 10.98
7046.00 10.70 473.31 8.94
7062.62 10.87 463.50 12.53
7078.87 10.82 459.93 24.29
7095.37 10.92 451.56 7.41
7111.68 10.85 453.31 18.91
7128.00 10.70 449.12 11.00
7144.62 10.87 458.37 9.69
7160.75 10.84 468.50 11.20
7177.37 10.92 481.37 15.72
7193.68 10.85 501.25 13.79
7209.87 10.82 524.06 26.72
7226.56 10.88 541.06 17.06
7242.75 10.84 564.56 23.38
7259.43 11.14 586.75 21.65
7275.75 11.07 613.31 19.70
7292.00 11.26 644.06 19.85
7308.87 11.08 669.43 18.02
7325.31 11.09 694.37 15.56
7342.18 11.14 721.00 21.35
7358.43 11.06 733.56 24.86
7374.68 11.05 757.31 12.22
7391.31 11.08 769.93 15.75
7407.43 11.06 783.62 8.94
7424.06 11.13 792.87 7.74
7440.37 11.07 798.37 6.51
7456.50 11.02 800.25 9.72
7473.25 11.10 795.81 8.58
7489.43 11.06 789.56 10.08
7506.06 11.13 781.06 11.07
7522.37 11.07 767.75 13.61
7538.50 11.02 746.75 26.40
7555.25 11.10 730.81 14.85
7571.43 11.06 712.62 16.43
7588.00 11.15 690.75 18.85
7604.37 11.07 664.68 16.98
7620.50 11.02 640.81 17.45
7637.25 11.10 613.56 25.79
7653.43 11.06 591.43 16.11
7669.93 11.17 563.37 14.45
7686.37 11.07 544.87 17.55
7702.43 11.06 523.06 12.46
7719.18 11.14 513.75 24.07
7735.43 11.06 485.12 17.45
7751.81 11.29 483.18 10.45
7768.37 11.07 464.75 12.93
7784.43 11.06 472.68 19.33
7801.18 11.14 464.81 8.00
7817.43 11.06 463.75 12.28
7833.68 11.05 471.81 15.79
7850.31 11.08 476.00 14.62
7866.43 11.06 491.81 12.17
7883.06 11.13 500.62 20.50
7899.37 11.07 524.75 14.70
7915.50 11.02 540.62 16.18
7932.25 11.10 562.75 17.82
7948.43 11.06 587.00 16.68
7965.06 11.13 611.56 16.90
7981.37 11.07 631.50 22.68
7997.50 11.02 658.12 37.75
8014.25 11.10 680.43 14.36
8030.43 11.06 701.62 13.76
8047.00 11.15 723.37 11.64
8063.37 11.07 740.00 9.99
8079.50 11.02 759.43 15.87
8096.25 11.10 769.50 9.62
8112.43 11.06 776.68 11.22
8128.93 11.17 783.50 6.86
8145.37 11.07 785.18 8.58
8161.43 11.06 784.50 8.81
8178.18 11.14 780.25 11.32
8194.43 11.06 772.43 10.38
8210.81 11.29 757.31 19.02
8227.37 11.07 746.68 13.52
8243.43 11.06 732.12 14.69
8260.25 11.35 711.81 18.01
8276.50 11.27 692.68 22.60
8292.81 11.49 672.12 14.69
8309.62 11.28 644.31 15.91
8325.93 11.31 623.18 20.08
8342.81 11.35 599.93 17.32
8359.06 11.28 581.43 18.04
8375.56 11.47 555.00 17.18
8391.93 11.30 536.18 13.09
8408.06 11.28 520.06 15.64
8424.81 11.35 504.68 8.93
8441.06 11.28 493.06 7.34
8457.37 11.50 480.50 12.07
8473.93 11.30 480.43 7.98
8490.06 11.28 472.25 16.58
8506.81 11.35 475.25 10.53
8523.06 11.28 479.50 12.89
8539.37 11.50 488.06 11.72
8555.93 11.30 500.06 13.50
8572.06 11.28 507.12 18.87
8588.81 11.35 528.18 18.39
8605.06 11.28 545.00 14.06
8621.37 11.50 560.68 16.22
8637.93 11.30 585.12 25.26
8654.06 11.28 606.62 13.99
8670.81 11.35 626.31 15.72
8687.00 11.29 647.87 31.34
8703.25 11.26 671.93 12.85
8719.81 11.35 691.25 11.74
8736.06 11.28 711.06 24.87
8752.56 11.47 723.12 19.46
8768.93 11.30 745.37 14.26
8785.06 11.28 757.50 14.66
8801.81 11.35 762.93 10.36
8818.06 11.28 770.87 5.83
8834.56 11.47 783.75 25.34
8850.93 11.30 774.06 7.00
8867.06 11.28 770.00 8.60
8883.81 11.35 765.00 12.82
8900.06 11.28 747.68 20.29
8916.37 11.50 743.62 13.45
8932.93 11.30 726.50 18.97
8949.06 11.28 716.25 16.98
8965.81 11.35 696.81 17.46
8982.06 11.28 668.00 18.81
8998.37 11.50 650.18 17.68
9014.93 11.30 630.18 13.92
9031.06 11.28 611.68 15.19
9047.81 11.35 587.37 12.21
9064.06 11.28 572.93 17.81
9080.37 11.50 551.37 13.55
9096.93 11.30 537.18 12.28
9113.06 11.28 519.43 10.71
9129.81 11.35 507.93 6.41
9146.00 11.29 501.93 13.12
9162.25 11.26 491.25 6.26
9178.81 11.35 485.68 10.11
9195.06 11.28 487.43 7.70
9211.56 11.47 493.37 15.76
9227.93 11.30 496.06 9.97
9244.06 11.28 501.00 15.60
9260.87 11.57 521.81 28.00
9277.12 11.49 524.06 21.50
9293.62 11.69 547.87 18.11
9310.25 11.52 563.56 24.20
9326.75 11.79 582.12 15.01
9343.37 11.60 602.18 15.02
9359.56 11.54 621.50 21.47
9376.18 11.74 641.00 22.60
9392.56 11.54 661.25 14.48
9408.87 11.76 682.50 28.58
9425.37 11.60 700.62 11.95
9441.56 11.54 715.62 8.30
9458.06 11.79 728.50 13.23
9474.43 11.56 743.18 7.20
9490.87 11.76 753.87 12.95
9507.31 11.61 757.62 6.12
9523.56 11.54 761.50 6.62
9540.06 11.79 762.56 8.89
9556.43 11.56 759.25 8.71
9572.68 11.57 753.43 13.05
9589.31 11.61 747.87 12.55
9605.56 11.54 745.25 34.96
9621.93 11.77 724.06 14.25
9638.43 11.56 710.87 17.73
9654.56 11.54 690.68 14.05
9671.31 11.61 675.00 18.42
9687.56 11.54 658.81 16.83
9703.87 11.76 635.43 16.48
9720.43 11.56 614.43 22.47
9736.56 11.54 599.62 10.56
9753.18 11.74 578.50 9.82
9769.56 11.54 553.50 24.25
9785.87 11.76 539.31 32.21
9802.37 11.60 532.68 12.17
9818.56 11.54 519.18 7.15
9835.18 11.74 514.50 14.07
9851.56 11.54 509.50 14.08
9867.87 11.76 498.93 5.69
9884.37 11.60 492.68 15.19
9900.56 11.54 501.50 22.45
9917.06 11.79 504.37 10.86
9933.43 11.56 506.68 20.41
9949.87 11.76 523.00 12.61
9966.31 11.61 534.31 13.80
9982.56 11.54 549.93 18.05
9999.06 11.79 560.81 17.92
10015.43 11.56 576.87 17.00
10031.68 11.57 600.68 25.51
10048.31 11.61 617.56 15.91
10064.56 11.54 639.00 17.45
10080.93 11.77 652.93 15.04
10097.43 11.56 673.12 11.99
10113.56 11.54 690.25 11.77
10130.31 11.61 705.81 9.89
10146.56 11.54 717.06 8.21
10162.87 11.76 730.18 7.27
10179.43 11.56 740.18 7.70
10195.56 11.54 745.31 5.31
10212.18 11.74 750.18 8.10
10228.56 11.54 752.43 6.45
10244.87 11.76 750.81 11.09
10261.43 11.82 753.81 38.55
10277.68 11.97 736.56 13.46
10294.25 11.95 729.31 13.27
10310.68 11.78 719.68 10.57
10327.31 12.05 704.18 14.17
10343.87 11.84 698.12 30.79
10360.31 12.09 674.31 24.14
10376.68 12.02 657.50 16.08
10392.93 11.82 639.06 15.18
10409.37 12.04 621.00 15.34
10425.87 11.84 602.06 14.40
10442.06 11.86 584.68 13.53
10458.68 12.02 566.87 16.60
10474.87 11.84 552.75 17.87
10491.31 12.09 540.31 10.03
10507.87 11.84 527.56 23.31
10523.93 11.82 518.50 10.56
10540.68 12.02 512.62 7.95
10556.87 11.84 510.62 25.32
10573.31 12.09 505.31 7.41
10589.81 11.88 513.50 17.43
10605.93 11.82 515.81 13.31
10622.56 12.00 517.37 10.48
10638.87 11.84 520.56 28.19
10655.31 12.09 535.50 14.19
10671.81 11.88 548.68 12.79
10687.93 11.82 559.18 24.07
10704.37 12.04 577.68 13.78
10720.87 11.84 596.75 13.62
10737.31 12.09 613.87 13.10
10753.68 12.02 632.31 12.44
10769.93 11.82 649.56 11.75
10786.37 12.04 663.18 14.21
10802.87 11.84 679.75 9.88
10819.31 12.09 690.00 16.67
10835.68 12.02 708.12 12.06
10851.93 11.82 716.56 8.65
10868.37 12.04 726.43 10.56
10884.87 11.84 733.81 12.40
10901.06 11.86 745.43 12.27
10917.68 12.02 741.25 7.76
10933.87 11.84 738.25 9.37
10950.31 12.09 736.75 11.46
10966.87 11.84 732.81 9.61
10982.93 11.82 725.06 11.90
10999.68 12.02 721.25 25.75
11015.87 11.84 701.93 13.76
11032.31 12.09 691.37 24.09
11048.81 11.88 674.75 13.31
11064.93 11.82 661.56 13.73
11081.56 12.00 647.75 21.48
11097.87 11.84 627.18 13.15
11114.31 12.09 607.81 15.71
11130.81 11.88 592.50 11.17
11146.93 11.82 579.56 11.02
11163.37 12.04 564.18 8.87
11179.87 11.84 550.37 7.86
11196.31 12.09 541.87 7.94
11212.68 12.02 532.31 10.04
11228.93 11.82 525.31 6.66
11245.37 12.04 521.25 17.12
11261.93 12.05 520.87 14.52
11278.37 12.30 517.62 8.05
11294.75 12.23 515.18 17.67
11311.00 12.04 529.87 11.98
11327.62 12.32 529.62 13.61
11344.18 12.11 535.37 12.54
11360.62 12.36 555.00 13.49
11376.87 12.27 566.75 14.67
11393.25 12.09 580.93 12.89
11409.68 12.31 594.81 15.76
11426.18 12.11 607.06 20.95
11442.56 12.33 627.93 11.99
11458.87 12.27 641.37 12.13
11475.25 12.09 652.43 19.59
11491.68 12.31 673.00 12.06
11508.12 12.16 684.31 15.51
11524.56 12.33 694.18 21.83
11540.87 12.27 709.81 8.01
11557.25 12.09 717.25 10.60
11573.68 12.31 727.31 15.99
11590.12 12.16 728.06 9.83
11606.50 12.12 729.56 10.12
11622.87 12.27 735.37 8.51
11639.25 12.09 729.81 18.92
11655.68 12.31 725.43 7.14
11672.12 12.16 720.50 9.46
11688.31 12.09 706.81 16.37
11704.75 12.32 700.37 10.36
11721.18 12.11 686.18 16.09
11737.62 12.36 674.31 9.90
11754.00 12.29 660.87 10.26
11770.31 12.09 650.75 15.29
11786.68 12.31 627.62 18.22
11803.18 12.11 614.68 10.45
11819.62 12.36 601.56 12.57
11835.87 12.27 588.50 11.44
11852.25 12.09 570.93 11.06
11868.68 12.31 559.50 8.26
11885.18 12.11 550.62 9.20
11901.56 12.33 538.87 13.07
11917.87 12.27 535.50 8.73
11934.25 12.09 526.43 11.28
11950.68 12.31 520.37 15.29
11967.12 12.16 525.62 6.95
11983.56 12.33 525.37 23.63
11999.87 12.27 533.87 16.31
12016.25 12.09 537.25 8.46
12032.68 12.31 539.25 31.33
12049.12 12.16 556.37 8.98
12065.50 12.12 569.93 16.21
12081.87 12.27 577.37 11.39
12098.25 12.09 591.81 9.87
12114.68 12.31 606.93 11.69
12131.12 12.16 621.81 10.68
12147.31 12.09 635.68 10.59
12163.75 12.32 650.43 9.94
12180.18 12.11 666.93 16.37
12196.62 12.36 678.25 10.54
12213.00 12.29 691.43 15.26
12229.31 12.09 699.12 8.53
12245.68 12.31 704.87 14.77
12262.25 12.33 717.43 9.27
12278.68 12.57 725.68 23.40
12294.93 12.48 729.75 32.53
12311.37 12.52 720.00 11.71
12327.81 12.52 725.25 15.97
12344.37 12.37 719.12 10.05
12360.75 12.57 711.12 14.63
12377.18 12.55 707.81 11.91
12393.50 12.35 697.12 9.68
12409.87 12.52 691.75 18.15
12426.37 12.37 678.06 14.87
12442.75 12.57 662.50 11.06
12459.06 12.52 638.81 27.07
12475.50 12.35 636.50 14.19
12491.87 12.52 621.87 12.31
12508.37 12.37 603.06 21.87
12524.75 12.57 591.06 15.49
12541.06 12.52 585.06 20.46
12557.50 12.35 572.37 17.49
12573.81 12.52 563.31 13.17
12590.37 12.37 555.31 22.25
12606.75 12.57 542.00 9.22
12623.06 12.52 539.62 7.41
12639.43 12.35 534.68 16.64
12655.81 12.52 539.93 13.11
12672.37 12.37 534.93 16.79
12688.56 12.56 531.81 23.91
12705.00 12.47 544.68 14.00
12721.37 12.37 551.00 8.20
12737.75 12.57 559.81 11.24
12754.18 12.55 571.87 16.33
12770.56 12.56 578.93 10.97
12786.87 12.52 594.43 11.83
12803.37 12.37 605.06 9.75
12819.75 12.57 616.68 9.85
12836.18 12.55 631.50 11.12
12852.50 12.35 646.62 16.75
12868.87 12.52 658.50 11.71
12885.37 12.37 665.87 16.76
12901.75 12.57 686.00 18.91
12918.06 12.52 690.18 8.03
12934.50 12.35 702.93 15.73
12950.87 12.52 705.25 10.60
12967.37 12.37 711.06 8.79
12983.75 12.57 715.43 13.52
13000.06 12.52 716.75 10.82
13016.50 12.35 715.37 6.81
13032.81 12.52 706.00 16.42
13049.37 12.37 705.75 11.27
13065.75 12.57 701.81 10.18
13082.06 12.52 696.75 12.14
13098.43 12.35 689.00 11.24
13114.81 12.52 677.00 13.44
13131.37 12.37 661.31 10.11
13147.56 12.56 651.12 10.22
13164.00 12.47 638.93 10.60
13180.37 12.37 628.50 15.38
13196.75 12.57 610.56 10.86
13213.18 12.55 595.06 29.51
13229.56 12.56 589.56 6.43
13245.87 12.52 579.56 18.01
13262.37 12.37 569.75 8.38
13278.75 12.57 556.81 18.77
13295.18 12.55 550.75 9.70
13311.56 12.56 550.18 8.16
13328.00 12.47 542.75 7.68
13344.43 12.37 541.75 7.60
13360.81 12.57 542.25 9.79
13377.25 12.55 546.31 13.60
13393.56 12.56 548.18 7.45
13410.06 12.48 555.93 9.91
13426.43 12.37 558.87 11.30
13442.81 12.57 571.37 10.52
13459.25 12.55 579.56 8.34
13475.56 12.56 590.12 10.81
13492.00 12.47 602.50 10.53
13508.43 12.37 612.50 12.81
13524.81 12.57 627.25 11.53
13541.25 12.55 639.25 11.28
13557.56 12.56 649.75 13.65
13573.87 12.52 661.62 11.51
13590.43 12.37 674.75 12.54
13606.81 12.57 680.37 12.06
13623.25 12.55 692.37 10.43
13639.50 12.35 692.62 7.84
13655.87 12.52 701.50 7.56
13672.43 12.37 704.93 7.96
13688.75 12.55 705.37 9.29
13705.12 12.52 705.12 9.07
13721.50 12.35 704.50 7.83
13737.81 12.57 701.87 10.14
13754.25 12.55 697.37 9.67
13770.62 12.56 687.18 15.39
13787.06 12.48 682.81 9.75
13803.43 12.37 678.43 26.83
13819.81 12.57 662.43 12.38
13836.25 12.55 653.18 12.84
13852.56 12.56 643.43 12.61
13869.06 12.48 625.06 17.27
13885.43 12.37 616.93 11.15
13901.81 12.57 610.31 13.14
13918.25 12.55 596.43 10.39
13934.56 12.56 580.37 20.97
13951.00 12.47 577.18 10.93
13967.43 12.37 568.62 7.95
13983.81 12.57 556.50 12.14
14000.25 12.55 556.87 8.54
14016.56 12.56 553.62 7.41
14032.87 12.52 549.68 21.33
14049.43 12.37 551.43 8.27
14065.81 12.57 552.37 6.95
14082.25 12.55 554.12 9.23
14098.50 12.35 560.50 7.77
14114.87 12.52 566.87 21.48
14131.43 12.37 574.62 10.92
14147.75 12.55 582.31 10.41
14164.12 12.52 591.56 9.64
14180.50 12.35 603.18 12.55
14196.81 12.57 615.00 12.99
14213.25 12.55 621.87 13.70
14229.62 12.56 633.50 9.46
14246.06 12.48 647.00 28.26
14262.43 12.37 654.43 11.59
14278.81 12.57 672.25 21.26
14295.25 12.55 675.56 18.99
14311.68 12.54 687.25 15.43
14328.12 12.52 690.18 8.55
14344.50 12.35 694.75 8.63
14360.81 12.57 696.50 9.84
14377.25 12.55 698.87 7.96
14393.75 12.55 700.12 7.22
14410.12 12.52 699.87 9.39
14426.50 12.35 699.18 11.12
14442.81 12.57 694.87 10.78
14459.25 12.55 688.06 12.12
14475.68 12.54 680.93 15.55
14492.00 12.57 671.18 11.44
14508.50 12.35 667.87 12.60
14524.81 12.57 657.81 13.18
14541.25 12.55 643.81 12.00
14557.56 12.56 629.18 15.34
14573.93 12.53 623.37 13.90
14590.43 12.37 614.68 12.36
14606.81 12.57 609.87 31.20
14623.25 12.55 590.62 9.72
14639.50 12.35 583.43 11.50
14655.93 12.53 577.50 10.93
14672.43 12.37 571.62 9.22
14688.81 12.57 564.56 9.35
14705.12 12.52 567.68 25.67
14721.50 12.35 561.31 9.62
14737.81 12.57 556.31 10.40
14754.25 12.55 555.00 10.66
14770.75 12.55 553.81 22.73
14787.12 12.52 563.81 8.90
14803.50 12.35 570.81 13.49
14819.81 12.57 572.87 12.00
14836.25 12.55 585.37 8.84
14852.75 12.55 597.06 21.96
14869.12 12.52 603.37 18.61
14885.50 12.35 614.62 18.18
14901.81 12.57 620.93 12.50
14918.25 12.55 628.56 10.80
14934.68 12.54 645.12 17.80
14951.00 12.57 649.43 11.53
14967.50 12.35 657.68 10.06
14983.81 12.57 670.56 11.10
15000.25 12.55 672.00 16.54
15016.56 12.56 681.62 8.65
15032.93 12.53 692.50 17.60
15049.43 12.37 689.81 8.73
15065.81 12.57 692.75 5.79
15082.25 12.55 692.93 8.90
15098.50 12.35 695.68 8.85
15114.93 12.53 691.75 7.70
15131.43 12.37 689.37 9.62
15147.81 12.57 683.06 9.05
15164.12 12.52 678.68 9.13
15180.50 12.35 671.43 11.77
15196.81 12.57 664.93 14.09
15213.25 12.55 653.87 11.49
15229.75 12.55 646.62 11.96
15246.12 12.52 637.43 13.13
15262.50 12.35 634.62 33.95
15278.81 12.57 615.31 11.68
15295.25 12.55 603.06 27.63
15311.81 12.57 599.00 11.44
15328.12 12.52 593.12 12.29
15344.50 12.35 581.50 11.22
15360.81 12.57 574.93 8.69
15377.25 12.55 569.18 9.16
15393.81 12.57 567.00 7.36
15410.12 12.52 566.12 7.29
15426.50 12.35 563.12 10.27
15442.81 12.57 562.00 7.62
15459.25 12.55 565.56 9.71
15475.68 12.59 562.68 30.88
15492.06 12.48 572.06 9.73
15508.43 12.37 582.87 16.81
15524.81 12.57 578.31 18.45
15541.25 12.55 590.87 9.93
15557.62 12.56 595.56 20.98
15574.06 12.48 603.06 19.15
15590.43 12.37 616.06 9.51
15606.81 12.57 623.00 18.71
15623.25 12.55 637.81 10.31
15639.62 12.56 649.56 19.95
15656.06 12.48 653.06 10.90
15672.43 12.37 661.50 7.80
15688.81 12.57 667.18 8.72
15705.25 12.55 672.56 7.57
15721.50 12.35 681.50 9.96
15737.81 12.57 686.06 14.73
15754.25 12.55 687.81 8.74
15770.81 12.57 688.25 11.86
15787.12 12.52 688.06 7.59
15803.50 12.35 689.56 9.74
15819.81 12.57 679.25 20.31
15836.25 12.55 681.81 8.99
15852.81 12.57 673.31 13.26
15869.12 12.52 671.62 11.03
15885.50 12.35 662.50 10.33
15901.81 12.57 654.25 14.35
15918.25 12.55 647.87 10.52
15934.68 12.59 642.37 13.47
15951.06 12.48 632.12 10.83
15967.43 12.37 625.18 15.14
15983.81 12.57 614.06 10.38
16000.25 12.55 607.00 13.85
16016.62 12.56 595.31 11.12
16033.06 12.48 589.56 9.34
16049.43 12.37 583.06 9.38
16065.81 12.57 577.68 6.82
16082.25 12.55 567.50 17.24
16098.62 12.56 569.75 7.73
16115.06 12.48 572.56 15.67
16131.43 12.37 569.06 7.63
16147.81 12.57 569.56 9.48
16164.25 12.55 570.75 8.03
16180.50 12.35 576.25 8.49
16196.81 12.57 577.06 13.92
16213.25 12.55 581.31 13.06
16229.81 12.57 589.81 10.71
16246.12 12.52 601.81 11.46
16262.56 12.56 605.93 10.96
16278.81 12.57 613.06 11.06
16295.25 12.55 628.31 13.42
16311.81 12.57 631.87 12.72
16328.25 12.55 651.06 32.64
16344.56 12.56 643.81 15.68
16360.81 12.57 660.00 15.63
16377.25 12.55 663.00 8.09
16393.81 12.57 668.50 10.25
16410.25 12.55 674.37 8.22
16426.56 12.56 687.25 24.79
16442.81 12.57 679.68 9.64
16459.25 12.55 687.56 13.78
16475.75 12.55 679.25 16.20
16492.25 12.55 682.87 10.11
16508.50 12.35 682.37 13.92
16524.81 12.57 674.50 21.18
16541.25 12.55 677.12 11.16
16557.75 12.55 674.93 15.64
16574.12 12.52 665.93 17.33
16590.50 12.35 654.43 15.71
16606.81 12.57 654.18 23.49
16623.25 12.55 648.06 27.27
16639.75 12.55 632.50 13.19
16656.12 12.52 626.93 13.68
16672.50 12.35 617.81 9.28
16688.81 12.57 610.12 16.37
16705.25 12.55 601.81 8.47
16721.56 12.56 588.43 13.78
16737.81 12.57 586.25 10.67
16754.25 12.55 584.75 9.52
16770.81 12.57 585.68 17.16
16787.25 12.55 574.87 7.61
16803.56 12.56 572.12 9.94
16819.81 12.57 565.93 16.16
16836.25 12.55 572.87 7.06
16852.81 12.57 574.12 9.88
16869.25 12.55 572.50 21.32
16885.56 12.56 578.56 13.74
16901.81 12.57 581.18 16.09
16918.25 12.55 589.81 12.31
16934.75 12.55 597.06 15.30
16951.25 12.55 607.56 16.53
16967.50 12.35 610.68 9.27
16983.81 12.57 619.81 21.01
17000.25 12.55 626.50 10.81
17016.75 12.55 635.50 9.43
17033.12 12.52 648.81 17.40
17049.50 12.35 648.68 17.14
17065.81 12.57 655.62 8.34
17082.25 12.55 658.37 14.72
17098.75 12.55 666.93 11.54
17115.12 12.52 676.06 13.94
17131.50 12.35 676.87 6.94
17147.81 12.57 677.18 9.02
17164.25 12.55 680.56 8.65
17180.56 12.56 680.87 7.76
17196.81 12.57 678.62 8.40
17213.25 12.55 675.06 9.30
17229.81 12.57 671.18 10.93
17246.25 12.55 666.18 9.71
17262.56 12.56 664.56 12.61
17278.81 12.57 657.68 9.66
17295.25 12.55 648.43 20.04
17311.81 12.57 643.25 11.13
17328.25 12.55 630.56 28.06
17344.56 12.56 627.00 11.41
17360.81 12.57 620.93 10.10
17377.25 12.55 615.06 21.06
17393.81 12.57 604.37 8.22
17410.25 12.55 599.43 12.37
17426.50 12.35 591.81 9.31
17442.81 12.57 587.62 7.90
17459.25 12.55 586.43 16.90
17475.81 12.57 575.25 11.62
17492.12 12.52 577.93 8.65
17508.50 12.35 568.56 29.81
17524.81 12.57 582.62 17.19
17541.25 12.55 576.50 8.77
17557.81 12.57 579.12 21.78
17574.12 12.52 580.12 13.39
17590.50 12.35 585.75 8.55
17606.81 12.57 593.18 12.31
17623.25 12.55 601.00 18.48
17639.81 12.57 605.56 14.98
17656.12 12.52 609.31 11.29
17672.50 12.35 616.50 8.68
17688.81 12.57 627.31 10.35
17705.25 12.55 627.87 20.53
17721.62 12.56 646.56 22.80
17737.81 12.57 648.62 13.33
17754.25 12.55 652.12 7.81
17770.81 12.57 656.12 20.00
17787.25 12.55 665.62 9.23
17803.56 12.56 672.68 15.73
17819.81 12.57 669.56 15.98
17836.25 12.55 673.00 9.55
17852.81 12.57 673.43 12.73
17869.25 12.55 673.00 14.14
17885.50 12.35 668.50 17.12
17901.81 12.57 674.25 9.99
17918.25 12.55 669.87 8.86
17934.81 12.57 674.87 29.16
17951.12 12.52 662.62 9.03
17967.50 12.35 656.87 13.18
17983.81 12.57 642.00 22.31
18000.25 12.55 643.56 10.50
18016.81 12.57 639.50 8.09
18033.12 12.52 630.87 12.61
18049.50 12.35 624.12 10.45
18065.81 12.57 612.00 18.76
18082.25 12.55 612.31 8.98
18098.81 12.57 603.12 9.09
18115.12 12.52 606.31 21.07
18131.50 12.35 591.68 7.58
18147.81 12.57 587.12 6.93
18164.25 12.55 584.43 7.86
18180.62 12.56 581.75 7.80
18196.81 12.57 581.06 9.52
18213.25 12.55 579.06 9.27
18229.81 12.57 577.62 11.55
18246.25 12.55 584.68 12.71
18262.56 12.56 585.93 10.93
18278.81 12.57 590.68 14.25
18295.25 12.55 595.31 13.86
18311.81 12.57 597.56 11.26
18328.25 12.55 605.18 9.18
18344.62 12.56 614.50 15.61
18360.81 12.57 615.18 9.56
18377.25 12.55 621.43 9.63
18393.81 12.57 630.62 8.51
18410.25 12.55 636.81 7.55
18426.62 12.56 635.00 30.36
18442.81 12.57 649.00 8.14
18459.25 12.55 655.75 17.06
18475.81 12.57 659.18 14.23
18492.25 12.55 663.18 8.90
18508.62 12.56 670.43 15.71
18524.81 12.57 672.93 15.57
18541.25 12.55 672.25 8.39
18557.81 12.57 674.06 9.17
18574.25 12.55 669.06 16.86
18590.56 12.56 671.06 8.24
18606.81 12.57 671.25 14.14
18623.25 12.55 665.37 13.52
18639.81 12.57 659.00 14.88
18656.25 12.55 659.43 8.78
18672.50 12.35 650.87 11.03
18688.81 12.57 643.18 10.86
18705.25 12.55 639.12 5.74
18721.62 12.56 635.37 19.85
18737.81 12.57 622.93 10.70
18754.25 12.55 622.62 11.41
18770.81 12.57 612.18 8.78
18787.25 12.55 607.00 7.39
18803.62 12.56 592.25 27.19
18819.81 12.57 598.18 10.51
18836.25 12.55 584.18 26.20
18852.81 12.57 590.50 8.18
18869.25 12.55 588.68 15.74
18885.62 12.56 584.12 9.35
18901.81 12.57 584.43 7.73
18918.25 12.55 586.56 10.29
18934.81 12.57 583.50 9.41
18951.25 12.55 584.37 13.40
18967.62 12.56 590.25 9.22
18983.81 12.57 602.31 25.86
19000.25 12.55 596.68 10.69
19016.81 12.57 605.12 8.25
19033.25 12.55 613.81 15.71
19049.56 12.56 616.37 9.23
19065.81 12.57 623.81 10.80
19082.25 12.55 632.18 9.37
19098.81 12.57 637.93 14.93
19115.25 12.55 635.62 13.73
19131.50 12.35 647.25 5.86
19147.81 12.57 652.18 7.85
19164.25 12.55 656.18 7.85
19180.62 12.56 661.62 6.61
19196.81 12.57 663.43 6.78
19213.25 12.55 668.31 9.78
19229.81 12.57 672.31 10.82
19246.25 12.55 672.25 13.03
19262.62 12.56 669.12 11.79
19278.81 12.57 671.31 11.32
19295.25 12.55 659.93 19.49
19311.81 12.57 663.56 8.03
19328.25 12.55 666.12 23.41
19344.62 12.56 654.75 12.84
19360.81 12.57 650.75 8.10
19377.25 12.55 643.25 13.98
19393.81 12.57 638.18 7.69
19410.25 12.55 636.81 15.00
19426.62 12.56 627.81 19.07
19442.81 12.57 621.87 9.29
19459.25 12.55 620.12 15.23
19475.81 12.57 607.43 11.18
19492.25 12.55 604.31 6.84
19508.56 12.56 598.81 9.20
19524.81 12.57 594.31 8.61
19541.25 12.55 591.87 7.89
19557.81 12.57 582.75 15.03
19574.25 12.55 587.68 9.81
19590.56 12.56 586.43 7.94
19606.81 12.57 587.12 9.92
19623.25 12.55 587.18 8.51
19639.81 12.57 588.31 8.39
19656.25 12.55 592.43 7.96
19672.50 12.35 596.81 8.99
19688.81 12.57 598.43 8.39
19705.25 12.55 604.31 7.59
19721.62 12.56 607.50 9.39
19737.81 12.57 613.25 9.92
19754.25 12.55 626.62 17.43
19770.81 12.57 622.50 29.07
19787.25 12.55 633.43 7.67
19803.62 12.56 642.43 11.79
19819.81 12.57 645.87 8.94
19836.25 12.55 647.43 7.70
19852.81 12.57 653.81 8.18
19869.25 12.55 656.12 9.24
19885.62 12.56 654.37 27.90
19901.81 12.57 664.56 8.98
19918.25 12.55 666.81 6.18
19934.81 12.57 669.31 10.74
19951.25 12.55 665.81 12.16
19967.56 12.56 666.50 8.26
19983.81 12.57 665.81 11.47
20000.25 12.55 659.25 10.38
20016.81 12.57 659.43 8.74
20033.25 12.55 652.37 12.02
20049.56 12.56 651.68 7.51
20065.81 12.57 646.75 9.04
20082.25 12.55 638.68 10.74
20098.81 12.57 636.00 7.25
20115.25 12.55 629.81 9.28
20131.50 12.35 621.68 8.52
20147.81 12.57 617.68 7.48
20164.25 12.55 612.68 6.54
20180.62 12.56 609.00 9.14
20196.81 12.57 600.62 9.27
20213.25 12.55 594.87 14.83
20229.81 12.57 596.87 15.32
20246.25 12.55 590.50 9.69
20262.62 12.56 592.75 8.55
20278.81 12.57 591.62 10.29
20295.25 12.55 590.43 6.45
20311.81 12.57 591.00 5.92
20328.25 12.55 596.18 16.08
20344.62 12.56 591.37 28.28
20360.81 12.57 598.25 6.01
20377.25 12.55 607.00 15.22
20393.81 12.57 603.75 11.38
20410.25 12.55 612.31 7.89
20426.62 12.56 619.06 18.94
20442.81 12.57 619.93 8.81
20459.25 12.55 633.75 34.31
20475.81 12.57 631.00 7.88
20492.25 12.55 640.37 9.89
20508.62 12.56 651.56 27.27
20524.81 12.57 648.00 9.23
20541.25 12.55 651.75 8.33
20557.81 12.57 655.00 8.21
20574.25 12.55 658.43 7.14
20590.62 12.56 661.50 7.59
20606.81 12.57 661.56 10.62
20623.25 12.55 664.93 8.24
20639.81 12.57 663.00 11.96
20656.25 12.55 662.31 7.82
20672.56 12.35 662.50 7.11
20688.81 12.57 662.31 12.69
20705.25 12.55 658.06 9.00
20721.62 12.56 652.62 7.46
20737.81 12.57 648.62 5.77
20754.25 12.55 645.25 7.75
20770.81 12.57 639.62 13.56
20787.25 12.55 638.81 7.65
20803.62 12.56 626.25 12.74
20819.81 12.57 622.87 10.14
20836.25 12.55 625.00 18.76
20852.81 12.57 615.25 7.45
20869.25 12.55 606.81 9.54
20885.62 12.56 607.31 10.84
20901.81 12.57 603.37 17.43
20918.25 12.55 600.50 8.74
20934.81 12.57 594.00 7.91
20951.25 12.55 591.81 8.01
20967.62 12.56 593.68 9.04
20983.81 12.57 599.06 14.57
21000.25 12.55 582.75 31.79
21016.81 12.57 593.25 7.50
21033.25 12.55 597.31 8.54
21049.62 12.56 593.12 21.40
21065.81 12.57 601.50 7.15
21082.25 12.55 606.00 8.58
21098.81 12.57 614.06 13.59
21115.25 12.55 614.87 8.32
21131.56 12.35 619.93 7.44
21147.81 12.57 625.31 8.60
21164.25 12.55 629.75 7.47
21180.62 12.56 636.93 7.15
21196.81 12.57 639.31 8.45
21213.25 12.55 643.25 21.07
21229.81 12.57 648.68 8.72
21246.25 12.55 650.68 9.31
21262.62 12.56 653.87 7.03
21278.81 12.57 659.25 9.36
21295.25 12.55 656.37 12.84
21311.81 12.57 661.12 8.19
21328.25 12.55 659.25 9.79
21344.62 12.56 661.81 14.45
21360.81 12.57 655.81 13.73
21377.25 12.55 661.81 21.43
21393.81 12.57 652.75 14.52
21410.25 12.55 650.56 19.84
21426.62 12.56 652.62 15.30
21442.81 12.57 648.18 7.92
21459.25 12.55 632.31 31.24
21475.81 12.57 636.87 9.51
21492.25 12.55 631.18 8.07
21508.62 12.56 626.25 22.36
21524.81 12.57 616.81 16.36
21541.25 12.55 615.68 10.17
21557.81 12.57 616.06 16.14
21574.25 12.55 609.87 11.06
21590.62 12.56 603.62 7.79
21606.81 12.57 603.50 15.64
21623.25 12.55 600.43 7.97
21639.81 12.57 598.43 19.20
21656.25 12.55 596.43 7.22
21672.56 12.35 597.00 10.12
21688.81 12.57 590.43 28.73
21705.25 12.55 597.00 6.67
21721.62 12.56 598.68 6.52
21737.81 12.57 607.31 35.89
21754.25 12.55 604.06 7.14
21770.81 12.57 605.50 17.94
21787.25 12.55 613.75 10.42
21803.62 12.56 620.87 12.62
21819.81 12.57 628.56 26.14
21836.25 12.55 627.81 8.83
21852.81 12.57 639.31 32.36
21869.25 12.55 633.81 7.55
21885.62 12.56 632.81 20.30
21901.81 12.57 646.00 14.24
21918.25 12.55 646.12 10.61
21934.81 12.57 652.81 9.71
21951.25 12.55 651.68 10.66
21967.62 12.56 654.12 7.81
21983.81 12.57 650.06 14.66
22000.25 12.55 658.12 9.14
22016.81 12.57 657.75 8.66
22033.25 12.55 658.62 18.33
22049.62 12.56 653.75 13.45
22065.81 12.57 653.37 13.70
22082.25 12.55 649.37 9.55
22098.81 12.57 650.43 6.88
22115.25 12.55 648.62 16.34
22131.56 12.35 647.93 11.99
22147.81 12.57 638.87 7.42
22164.25 12.55 636.18 8.15
22180.62 12.56 632.25 7.55
22196.81 12.57 627.68 7.25
22213.25 12.55 622.62 12.98
22229.81 12.57 617.87 9.87
22246.25 12.55 616.31 16.63
22262.62 12.56 612.25 8.43
22278.81 12.57 606.31 7.06
22295.25 12.55 604.93 15.27
22311.81 12.57 601.62 7.87
22328.25 12.55 599.18 7.03
22344.62 12.56 595.75 10.15
22360.81 12.57 602.00 14.04
22377.25 12.55 601.56 12.27
22393.81 12.57 595.31 11.12
22410.25 12.55 602.75 10.44
22426.62 12.56 598.06 18.89
22442.81 12.57 603.62 8.22
22459.25 12.55 602.87 16.06
22475.81 12.57 614.31 10.84
22492.25 12.55 615.50 8.87
22508.62 12.56 626.81 24.40
22524.81 12.57 625.18 10.17
22541.25 12.55 628.68 10.93
22557.81 12.57 630.81 13.00
22574.25 12.55 638.68 14.37
22590.62 12.56 642.25 12.95
22606.81 12.57 645.50 13.31
22623.25 12.55 648.00 8.61
22639.81 12.57 650.00 13.01
22656.25 12.55 651.43 9.88
22672.56 12.35 651.81 7.85
22688.81 12.57 655.56 13.89
22705.25 12.55 655.68 8.40
22721.62 12.56 656.75 15.97
22737.81 12.57 655.00 18.28
22754.25 12.55 652.31 5.87
22770.81 12.57 654.18 14.54
22787.25 12.55 649.18 6.47
22803.62 12.56 642.37 12.32
22819.81 12.57 646.12 17.43
22836.25 12.55 645.12 21.27
22852.81 12.57 640.18 15.38
22869.25 12.55 633.25 9.35
22885.62 12.56 630.93 10.65
22901.81 12.57 622.25 12.62
22918.25 12.55 620.06 11.04
22934.81 12.57 612.37 13.67
22951.25 12.55 613.75 13.03
22967.62 12.56 609.43 8.70
22983.81 12.57 604.50 14.85
23000.25 12.55 608.50 17.94
23016.81 12.57 603.87 8.09
23033.25 12.55 598.56 18.41
23049.62 12.56 602.31 10.29
23065.81 12.57 606.87 22.61
23082.25 12.55 595.93 21.54
23098.81 12.57 603.56 10.15
23115.25 12.55 607.56 12.95
23131.56 12.35 608.50 12.75
23147.81 12.57 610.81 8.93
23164.25 12.55 612.25 7.66
23180.62 12.56 615.25 7.17
23196.81 12.57 619.56 7.56
23213.25 12.55 618.87 7.95
23229.81 12.57 626.18 18.29
23246.25 12.55 627.31 20.44
23262.62 12.56 634.93 9.05
23278.81 12.57 636.43 13.59
23295.25 12.55 640.00 13.16
23311.81 12.57 643.31 7.68
23328.25 12.55 648.50 7.95
23344.62 12.56 649.00 19.55
23360.81 12.57 649.00 7.18
23377.25 12.55 649.18 16.77
23393.81 12.57 651.50 8.60
23410.25 12.55 650.87 8.02
23426.62 12.56 645.37 19.89
23442.81 12.57 654.75 14.84
23459.25 12.55 645.56 14.01
23475.81 12.57 647.00 16.08
23492.25 12.55 646.50 9.88
23508.62 12.56 643.68 14.17
23524.81 12.57 636.87 15.43
23541.25 12.55 638.81 9.97
23557.81 12.57 639.25 14.65
23574.25 12.55 628.50 16.75
23590.62 12.56 630.93 13.54
23606.81 12.57 624.62 13.95
23623.25 12.55 620.31 10.09
23639.81 12.57 620.25 14.01
23656.25 12.55 614.18 9.00
23672.56 12.35 612.25 10.05
23688.81 12.57 605.50 19.11
23705.25 12.55 607.81 7.42
23721.62 12.56 602.68 10.80
23737.81 12.57 603.87 7.73
23754.25 12.55 605.06 7.75
23770.81 12.57 598.31 18.73
23787.25 12.55 601.06 18.79
23803.62 12.56 609.62 23.49
23819.81 12.57 607.87 14.50
23836.25 12.55 611.68 10.89
23852.81 12.57 613.00 12.12
23869.25 12.55 613.31 7.25
23885.62 12.56 618.37 9.41
23901.81 12.57 621.50 10.57
23918.25 12.55 623.43 9.31
23934.81 12.57 627.25 8.99
23951.25 12.55 633.37 14.22
23967.62 12.56 635.25 9.54
23983.81 12.57 638.81 9.61
24000.25 12.55 641.81 9.76
24016.81 12.57 642.25 7.00
24033.25 12.55 646.87 13.54
24049.62 12.56 642.56 16.17
24065.81 12.57 649.31 6.58
24082.25 12.55 652.56 15.44
24098.81 12.57 648.56 7.49
24115.25 12.55 648.62 8.37
24131.56 12.35 648.50 10.92
24147.81 12.57 647.68 9.57
24164.25 12.55 648.43 8.34
24180.62 12.56 644.18 9.15
24196.81 12.57 644.93 8.87
24213.25 12.55 640.50 9.66
24229.81 12.57 640.31 10.28
24246.25 12.55 633.68 10.94
24262.62 12.56 629.37 9.63
24278.81 12.57 632.68 18.36
24295.25 12.55 626.81 13.54
24311.81 12.57 620.12 10.66
24328.25 12.55 618.12 9.73
24344.62 12.56 607.75 27.64
24360.81 12.57 613.12 8.49
24377.25 12.55 609.62 17.15
24393.81 12.57 603.06 28.72
24410.25 12.55 609.87 14.08
24426.62 12.56 603.37 17.35
24442.81 12.57 605.00 8.72
24459.25 12.55 604.43 10.26
24475.81 12.57 606.75 10.35
24492.25 12.55 605.68 8.42
24508.62 12.56 604.50 11.89
24524.81 12.57 610.18 13.58
24541.25 12.55 612.81 11.32
24557.81 12.57 614.93 18.32
24574.25 12.55 617.37 11.52
24590.62 12.56 619.31 10.45
24606.81 12.57 624.50 11.31
24623.25 12.55 625.87 9.26
24639.81 12.57 628.06 10.46
24656.25 12.55 633.81 9.86
24672.56 12.35 634.56 9.41
24688.81 12.57 636.12 14.52
24705.25 12.55 640.56 9.46
24721.62 12.56 643.56 9.95
24737.81 12.57 638.75 13.83
24754.25 12.55 645.00 8.40
24770.81 12.57 645.75 12.13
24787.25 12.55 644.87 9.01
24803.62 12.56 646.75 9.06
24819.81 12.57 644.18 13.23
24836.25 12.55 644.75 9.63
24852.81 12.57 643.00 12.59
24869.25 12.55 644.31 10.46
24885.62 12.56 643.62 11.24
24901.81 12.57 639.18 12.04
24918.25 12.55 639.56 11.36
24934.81 12.57 635.87 10.40
24951.25 12.55 634.93 10.78
24967.62 12.56 629.68 9.72
24983.81 12.57 628.00 8.73
25000.25 12.55 623.12 23.51
25016.81 12.57 621.06 9.32
25033.25 12.55 619.75 11.57
25049.62 12.56 610.18 30.71
25065.81 12.57 615.87 7.57
25082.25 12.55 610.62 26.76
25098.81 12.57 613.50 20.66
25115.25 12.55 616.06 43.43
25131.56 12.35 666.43 20.31
25147.81 12.57 694.62 12.95
25164.25 12.55 710.75 7.33
25180.62 12.56 731.62 33.58
25196.81 12.57 729.56 4.08
25213.25 12.55 733.43 19.02
25229.81 12.57 732.25 5.22
25246.25 12.55 729.81 6.53
25262.62 12.56 728.12 7.08
25278.81 12.57 719.87 10.66
25295.25 12.55 721.87 10.56
25311.81 12.57 709.81 6.71
25328.25 12.55 706.56 8.20
25344.62 12.56 694.68 16.94
25360.81 12.57 695.68 6.77
25377.25 12.55 690.93 6.56
25393.81 12.57 683.62 13.34
25410.25 12.55 683.12 11.72
25426.62 12.56 684.37 11.98
25442.81 12.57 675.31 3.64
25459.25 12.55 669.68 14.19
25475.81 12.57 669.37 4.34
25492.25 12.55 668.00 3.28
25508.62 12.56 673.62 27.55
25524.81 12.57 663.81 5.92
25541.25 12.55 666.37 6.95
25557.81 12.57 664.87 12.20
25574.25 12.55 661.00 4.89
25590.62 12.56 661.06 2.68
25606.81 12.57 656.87 14.93
25623.25 12.55 658.18 7.32
25639.81 12.57 655.00 14.39
25656.25 12.55 657.87 5.73
25672.56 12.35 655.43 3.33
25688.81 12.57 644.81 27.15
25705.25 12.55 652.87 4.73
25721.62 12.56 651.56 5.56
25737.81 12.57 652.00 4.43
25754.25 12.55 650.81 7.41
25770.81 12.57 649.25 17.74
25787.25 12.55 646.06 16.77
25803.62 12.56 647.68 7.89
25819.81 12.57 650.12 11.85
25836.25 12.55 648.62 2.91
25852.81 12.57 648.75 4.56
25869.25 12.55 648.18 2.58
25885.62 12.56 648.81 11.75
25901.81 12.57 640.62 16.23
25918.25 12.55 646.81 3.89
25934.81 12.57 647.06 11.02
25951.25 12.55 648.18 9.23
25967.62 12.56 643.75 3.78
25983.81 12.57 646.37 2.80
26000.25 12.55 645.43 7.24
26016.81 12.57 644.00 2.48
26033.25 12.55 642.06 9.14
26049.62 12.56 639.00 15.23
26065.81 12.57 641.37 3.12
26082.25 12.55 639.00 19.24
26098.81 12.57 639.56 8.87
26115.25 12.55 643.00 3.71
26131.56 12.35 646.18 14.90
26147.81 12.57 641.43 1.97
26164.25 12.55 641.12 1.58
26180.62 12.56 644.00 18.29
26196.81 12.57 640.56 5.45
26213.25 12.55 639.06 16.62
26229.81 12.57 641.50 7.58
26246.25 12.55 638.43 7.95
26262.62 12.56 635.50 11.30
26278.81 12.57 638.87 4.06
26295.25 12.55 639.25 19.41
26311.81 12.57 639.43 5.59
26328.25 12.55 640.81 9.32
26344.62 12.56 636.37 6.42
26360.81 12.57 633.75 14.53
26377.25 12.55 636.75 7.14
26393.81 12.57 631.31 19.26
26410.25 12.55 636.93 19.58
26426.62 12.56 633.68 22.50
26442.81 12.57 638.93 5.49
26459.25 12.55 633.06 9.06
26475.81 12.57 633.00 9.40
26492.25 12.55 639.00 6.74
26508.62 12.56 635.68 16.78
26524.81 12.57 640.62 12.74
26541.25 12.55 635.81 3.21
26557.81 12.57 635.31 18.98
26574.25 12.55 635.43 4.06
26590.62 12.56 634.00 8.23
26606.81 12.57 634.00 8.77
26623.25 12.55 632.06 13.80
26639.81 12.57 634.37 18.20
26656.25 12.55 635.06 4.26
26672.56 12.35 635.18 2.38
26688.81 12.57 633.31 10.28
26705.25 12.55 635.06 3.61
26721.62 12.56 636.06 3.17
26737.81 12.57 627.93 19.05
26754.25 12.55 634.87 4.47
26770.81 12.57 631.43 10.46
26787.25 12.55 635.75 3.31
26803.62 12.56 637.37 6.07
26819.81 12.57 638.68 21.48
26836.25 12.55 635.37 2.15
26852.81 12.57 638.06 33.50
26869.25 12.55 632.00 6.95
26885.62 12.56 631.62 10.36
26901.81 12.57 635.87 12.74
26918.25 12.55 632.87 3.79
26934.81 12.57 633.62 7.59
26951.25 12.55 635.25 11.82
26967.62 12.56 634.43 6.48
26983.81 12.57 637.50 16.18
27000.25 12.55 638.37 9.64
27016.81 12.57 635.68 5.91
27033.25 12.55 631.93 18.34
27049.62 12.56 632.37 14.14
27065.81 12.57 633.62 2.76
27082.25 12.55 631.87 23.16
27098.81 12.57 633.37 7.87
27115.25 12.55 630.56 14.88
27131.56 12.35 630.62 15.33
27147.81 12.57 634.12 5.84
27164.25 12.55 633.68 1.96
27180.62 12.56 638.56 18.24
27196.81 12.57 633.18 2.65
27213.25 12.55 634.81 12.91
27229.81 12.57 633.25 3.42
27246.25 12.55 631.18 18.90
27262.62 12.56 630.25 8.44
27278.81 12.57 635.68 11.27
27295.25 12.55 630.75 6.39
27311.81 12.57 632.12 2.78
27328.25 12.55 634.31 19.00
27344.62 12.56 631.18 15.98
27360.81 12.57 633.18 4.13
27377.25 12.55 632.43 9.45
27393.81 12.57 630.43 12.57
27410.25 12.55 626.81 15.74
27426.62 12.56 632.75 15.17
27442.81 12.57 633.75 2.49
27459.25 12.55 634.87 7.79
27475.81 12.57 638.81 14.79
27492.25 12.55 633.18 3.05
27508.62 12.56 631.75 15.85
27524.81 12.57 630.43 11.14
27541.25 12.55 632.62 3.37
27557.81 12.57 628.25 14.83
27574.25 12.55 634.43 13.08
27590.62 12.56 629.62 12.62
27606.81 12.57 637.37 18.67
27623.25 12.55 631.68 4.59
27639.81 12.57 631.68 13.57
27656.25 12.55 633.50 4.15
27672.56 12.35 633.87 5.39
27688.81 12.57 630.31 15.31
27705.25 12.55 631.25 4.56
27721.62 12.56 635.37 12.79
27737.81 12.57 630.18 19.13
27754.25 12.55 634.62 8.02
27770.81 12.57 632.00 5.39
27787.25 12.55 628.93 21.77
27803.62 12.56 636.31 10.42
27819.81 12.57 624.87 14.64
27836.25 12.55 632.25 6.30
27852.81 12.57 627.87 12.86
27869.25 12.55 634.68 13.32
27885.62 12.56 633.31 4.88
27901.81 12.57 628.68 16.21
27918.25 12.55 634.25 6.29
27934.81 12.57 628.43 6.15
27951.25 12.55 624.93 20.63
27967.62 12.56 632.00 3.32
27983.81 12.57 633.37 12.65
28000.25 12.55 634.43 9.18
28016.81 12.57 632.75 2.66
28033.25 12.55 639.75 23.68
28049.62 12.56 638.50 16.55
28065.81 12.57 632.56 3.41
28082.25 12.55 629.06 16.00
28098.81 12.57 634.93 11.11
28115.25 12.55 634.50 6.02
28131.56 12.35 630.56 7.38
28147.81 12.57 631.87 3.26
28164.25 12.55 631.75 2.11
28180.62 12.56 630.12 10.82
28196.81 12.57 632.00 5.23
28213.25 12.55 634.25 14.33
28229.81 12.57 630.62 4.79
28246.25 12.55 632.12 11.26
28262.62 12.56 630.93 4.40
28278.81 12.57 631.06 6.69
28295.25 12.55 626.56 13.73
28311.81 12.57 631.18 3.17
28328.25 12.55 626.37 14.87
28344.62 12.56 631.43 8.85
28360.81 12.57 636.68 18.08
28377.25 12.55 630.31 4.41
28393.81 12.57 628.06 12.15
28410.25 12.55 633.43 22.47
28426.62 12.56 626.87 13.16
28442.81 12.57 632.50 3.14
28459.25 12.55 633.50 9.61
28475.81 12.57 629.50 8.10
28492.25 12.55 633.00 3.64
28508.62 12.56 635.06 15.41
28524.81 12.57 629.56 7.91
28541.25 12.55 631.87 3.00
28557.81 12.57 629.68 8.65
28574.25 12.55 630.68 7.31
28590.62 12.56 634.37 13.45
28606.81 12.57 631.75 15.25
28623.25 12.55 636.43 13.99
28639.81 12.57 636.18 13.52
28656.25 12.55 632.00 4.35
28672.56 12.35 631.50 2.52
28688.81 12.57 634.50 15.05
28705.25 12.55 630.81 3.41
28721.62 12.56 630.25 8.76
28737.81 12.57 637.18 17.53
28754.25 12.55 630.56 4.44
28770.81 12.57 634.06 14.06
28787.25 12.55 628.56 13.25
28803.62 12.56 632.81 8.80
28819.81 12.57 632.81 7.83
28836.25 12.55 632.50 4.03
28852.81 12.57 634.93 14.17
28869.25 12.55 630.87 4.18
28885.62 12.56 631.93 7.12
28901.81 12.57 629.56 6.94
28918.25 12.55 631.37 3.39
28934.81 12.57 630.62 8.09
28951.25 12.55 637.62 18.82
28967.62 12.56 630.93 3.86
28983.81 12.57 638.06 24.03
29000.25 12.55 628.68 6.27
29016.81 12.57 632.18 3.99
29033.25 12.55 633.18 17.79
29049.62 12.56 631.75 14.92
29065.81 12.57 631.87 1.32
29082.25 12.55 628.75 18.43
29098.81 12.57 632.18 4.42
29115.25 12.55 632.18 4.03
29131.56 12.35 634.50 12.88
29147.81 12.57 630.68 2.82
29164.25 12.55 630.81 1.74
29180.62 12.56 629.87 3.08
29196.81 12.57 631.00 2.81
29213.25 12.55 634.81 10.27
29229.81 12.57 632.93 2.63
29246.25 12.55 636.93 24.99
29262.62 12.56 634.18 11.14
29278.81 12.57 637.25 12.34
29295.25 12.55 631.06 15.56
29311.81 12.57 632.37 5.77
29328.25 12.55 628.06 9.72
29344.62 12.56 634.87 8.26
29360.81 12.57 633.50 9.86
29377.25 12.55 629.31 8.26
29393.81 12.57 629.37 4.58
29410.25 12.55 630.75 9.52
29426.62 12.56 630.87 3.60
29442.81 12.57 632.18 2.67
29459.25 12.55 632.81 7.27
29475.81 12.57 633.37 9.40
29492.25 12.55 633.62 3.46
29508.62 12.56 636.56 11.24
29524.81 12.57 631.81 4.69
29541.25 12.55 630.68 3.20
29557.81 12.57 628.37 12.41
29574.25 12.55 633.62 6.44
29590.62 12.56 636.87 18.28
29606.81 12.57 627.18 15.14
29623.25 12.55 629.56 6.52
29639.81 12.57 637.00 14.81
29656.25 12.55 628.18 6.20
29672.56 12.35 630.75 2.38
29688.81 12.57 636.25 17.89
29705.25 12.55 630.68 5.03
29721.62 12.56 636.87 16.70
29737.81 12.57 633.25 12.95
29754.25 12.55 636.56 19.99
29770.81 12.57 632.93 6.37
29787.25 12.55 628.75 11.52
29803.62 12.56 633.31 7.96
29819.81 12.57 629.31 5.67
29836.25 12.55 633.87 6.84
29852.81 12.57 632.93 7.69
29869.25 12.55 631.62 10.44
29885.62 12.56 632.81 4.64
29901.81 12.57 629.25 7.46
29918.25 12.55 631.00 5.89
29934.81 12.57 633.43 3.98
29951.25 12.55 627.37 10.93
29967.62 12.56 633.87 5.44
29983.81 12.57 636.06 14.36
30000.25 12.55 630.25 10.21
30016.81 12.57 630.18 5.72
30033.25 12.55 626.75 20.18
30049.62 12.56 628.87 7.26
30065.81 12.57 631.62 1.57
30082.25 12.55 631.43 9.48
30098.81 12.57 633.75 14.35
30115.25 12.55 633.06 4.41
30131.56 12.35 631.56 3.10
30147.81 12.57 631.50 5.15
30164.25 12.55 631.43 3.50
30180.62 12.56 638.12 27.02
30196.81 12.57 631.81 1.59
30213.25 12.55 637.25 14.25
30229.81 12.57 632.18 5.22
30246.25 12.55 628.00 10.04
30262.62 12.56 630.56 5.72
30278.81 12.57 631.56 5.37
30295.25 12.55 638.81 17.09
30311.81 12.57 632.68 3.63
30328.25 12.55 634.75 12.88
30344.62 12.56 634.12 9.26
30360.81 12.57 631.06 4.81
30377.25 12.55 631.62 4.99
30393.81 12.57 629.62 6.30
30410.25 12.55 632.00 4.73
30426.62 12.56 631.00 7.82
30442.81 12.57 631.31 3.97
30459.25 12.55 631.18 3.99
30475.81 12.57 632.81 6.01
30492.25 12.55 630.81 3.99
30508.62 12.56 630.37 13.70
30524.81 12.57 629.62 5.96
30541.25 12.55 631.00 2.81
30557.81 12.57 631.68 9.48
30574.25 12.55 631.31 4.38
30590.62 12.56 629.62 8.01
30606.81 12.57 631.62 5.82
30623.25 12.55 634.00 10.93
30639.81 12.57 631.31 5.92
30656.25 12.55 631.18 4.81
30672.56 12.35 633.18 3.39
30688.81 12.57 625.37 25.75
30705.25 12.55 633.06 3.85
30721.62 12.56 635.37 9.12
30737.81 12.57 630.18 5.65
30754.25 12.55 633.56 9.75
30770.81 12.57 631.50 2.85
30787.25 12.55 629.50 6.77
30803.62 12.56 630.56 2.47
30819.81 12.57 630.25 8.33
30836.25 12.55 631.62 3.08
30852.81 12.57 633.12 4.97
30869.25 12.55 632.06 7.82
30885.62 12.56 632.31 4.31
30901.81 12.57 626.75 12.68
30918.25 12.55 631.12 3.06
30934.81 12.57 634.37 13.78
30951.25 12.55 628.50 9.10
30967.62 12.56 633.12 3.33
30983.81 12.57 630.06 8.83
31000.25 12.55 631.62 2.42
31016.81 12.57 631.37 4.66
31033.25 12.55 630.75 6.12
31049.62 12.56 628.25 9.79
31065.81 12.57 631.50 2.34
31082.25 12.55 624.43 15.00
31098.81 12.57 630.43 5.27
31115.25 12.55 630.62 3.24
31131.56 12.35 629.56 3.32
31147.81 12.57 631.31 4.13
31164.25 12.55 631.43 1.97
31180.62 12.56 630.18 4.60
31196.81 12.57 632.25 6.03
31213.25 12.55 632.00 16.72
31229.81 12.57 632.00 4.37
31246.25 12.55 630.25 4.83
31262.62 12.56 629.87 7.24
31278.81 12.57 630.93 3.49
31295.25 12.55 639.56 23.55
31311.81 12.57 632.37 4.69
31328.25 12.55 631.81 4.73
31344.62 12.56 634.43 13.79
31360.81 12.57 631.68 2.76
31377.25 12.55 638.93 30.78
31393.81 12.57 630.75 3.01
31410.25 12.55 630.62 8.57
31426.62 12.56 631.62 3.35
31442.81 12.57 631.81 3.88
31459.25 12.55 633.00 6.86
31475.81 12.57 629.81 8.65
31492.25 12.55 630.56 3.10
31508.62 12.56 630.62 3.90
31524.81 12.57 634.06 13.81
31541.25 12.55 630.75 2.44
31557.81 12.57 632.81 11.14
31574.25 12.55 631.37 4.32
31590.62 12.56 630.31 3.31
31606.81 12.57 630.87 7.37
31623.25 12.55 629.00 7.39
31639.81 12.57 629.00 12.22
31656.25 12.55 631.25 4.92
31672.56 12.35 630.37 2.69
31688.81 12.57 631.18 2.58
31705.25 12.55 633.25 6.22
31721.62 12.56 633.12 6.12
31737.81 12.57 629.75 5.56
31754.25 12.55 628.81 10.22
31770.81 12.57 632.81 9.62
31787.25 12.55 628.31 6.22
31803.62 12.56 631.93 2.80
31819.81 12.57 632.25 5.23
31836.25 12.55 630.75 4.29
31852.81 12.57 631.00 2.42
31869.25 12.55 629.31 12.92
31885.62 12.56 630.93 2.49
31901.81 12.57 630.37 19.35
31918.25 12.55 622.25 29.20
31934.81 12.57 629.25 7.55
31951.25 12.55 639.06 33.12
31967.62 12.56 631.87 2.29
31983.81 12.57 631.62 12.38
32000.25 12.55 631.62 4.75
32016.81 12.57 632.06 2.86
32033.25 12.55 637.12 21.47
32049.62 12.56 635.43 12.17
32065.81 12.57 632.37 4.85
32082.25 12.55 630.93 4.18
32098.81 12.57 633.50 8.40
32115.25 12.55 631.43 2.06
32131.56 12.35 631.12 3.59
32147.81 12.57 629.62 2.62
32164.25 12.55 631.43 2.06
32180.62 12.56 632.25 8.73
32196.81 12.57 632.75 3.51
32213.25 12.55 627.43 28.95
32229.81 12.57 630.18 3.75
32246.25 12.55 629.56 3.97
32262.62 12.56 630.50 3.04
32278.81 12.57 632.18 3.49
32295.25 12.55 628.31 17.72
32311.81 12.57 632.06 4.56
32328.25 12.55 635.50 11.94
32344.62 12.56 632.56 2.00
32360.81 12.57 634.31 9.27
32377.25 12.55 635.31 12.08
32393.81 12.57 632.56 7.42
32410.25 12.55 637.37 19.07
32426.62 12.56 634.31 12.93
32442.81 12.57 631.12 4.73
32459.25 12.55 630.18 4.45
32475.81 12.57 631.43 7.03
32492.25 12.55 630.37 4.08
32508.62 12.56 633.93 12.85
32524.81 12.57 627.25 16.16
32541.25 12.55 631.18 2.51
32557.81 12.57 633.87 14.56
32574.25 12.55 625.06 25.46
32590.62 12.56 629.75 7.29
32606.81 12.57 639.12 28.18
32623.25 12.55 632.50 6.37
32639.81 12.57 629.25 18.32
32656.25 12.55 639.87 32.32
32672.56 12.35 633.68 18.07
32688.81 12.57 635.62 11.83
32705.25 12.55 632.12 3.53
32721.62 12.56 634.62 7.75
32737.81 12.57 631.56 10.06
32754.25 12.55 634.00 4.80
32770.81 12.57 623.93 20.73
32787.25 12.55 631.62 3.48
32803.62 12.56 630.18 14.71
32819.81 12.57 630.50 11.86
32836.25 12.55 629.68 4.00
32852.81 12.57 630.18 10.51
32869.25 12.55 632.43 15.27
32885.62 12.56 630.18 3.64
32901.81 12.57 630.12 15.75
32918.25 12.55 632.93 6.63
32934.81 12.57 631.87 17.17
32951.25 12.55 627.37 12.97
32967.62 12.56 632.18 6.09
32983.81 12.57 634.37 16.53
33000.25 12.55 633.87 3.64
33016.81 12.57 631.87 3.02
33033.25 12.55 643.12 22.21
33049.62 12.56 628.31 8.27
33065.81 12.57 630.75 1.85
33082.25 12.55 632.00 17.52
33098.81 12.57 631.68 4.58
33115.25 12.55 633.50 6.89
33131.56 12.35 632.81 5.75
33147.81 12.57 631.93 2.77
33164.25 12.55 632.12 1.66
33180.62 12.56 631.75 4.04
33196.81 12.57 630.87 2.42
33213.25 12.55 628.87 22.54
33229.81 12.57 632.18 2.27
33246.25 12.55 632.37 10.24
33262.62 12.56 620.50 30.17
33278.81 12.57 628.56 7.35
33295.25 12.55 625.43 13.52
33311.81 12.57 623.62 26.90
33328.25 12.55 625.93 17.38
33344.62 12.56 626.37 16.18
33360.81 12.57 638.18 16.96
33377.25 12.55 636.25 13.86
33393.81 12.57 631.56 2.69
33410.25 12.55 634.31 7.28
33426.62 12.56 630.18 8.23
33442.81 12.57 631.62 2.62
33459.25 12.55 630.56 8.27
33475.81 12.57 631.25 15.92
33492.25 12.55 633.00 5.52
33508.62 12.56 634.18 13.70
33524.81 12.57 638.68 17.05
33541.25 12.55 630.43 2.34
33557.81 12.57 633.12 4.55
33574.25 12.55 628.31 7.53
