1.75 0.43 589.81 60.01
20.56 8.90 607.93 15.22
37.37 8.87 598.56 20.72
53.81 9.04 579.43 14.16
70.25 8.91 563.81 10.11
86.50 8.89 541.37 30.39
103.00 8.98 535.31 9.40
119.43 8.86 518.06 12.23
135.93 9.00 508.50 14.82
152.31 8.90 492.06 29.10
168.68 8.84 477.75 8.52
185.06 8.97 460.87 14.64
201.43 8.86 453.37 8.93
218.43 9.00 438.06 7.19
234.68 8.92 427.62 14.61
251.18 8.85 414.37 9.06
267.50 8.98 404.75 8.57
283.87 8.85 390.68 17.26
300.56 8.97 380.06 9.86
316.93 8.85 373.81 13.70
333.37 8.74 365.87 18.72
349.75 8.91 352.87 11.29
366.06 8.80 346.37 4.50
382.50 9.00 348.75 21.79
399.12 8.79 335.31 13.05
415.37 8.74 320.37 18.13
431.81 8.88 319.50 15.65
448.18 8.76 325.87 21.71
464.62 8.96 308.43 17.65
481.18 9.03 310.68 8.72
497.50 8.95 299.00 24.43
514.00 9.07 304.62 8.63
530.31 8.98 299.68 6.11
546.68 8.93 303.37 3.29
563.18 9.03 302.62 4.09
579.50 8.96 304.43 5.65
595.93 8.83 305.87 7.43
612.37 8.96 306.81 5.73
628.75 8.91 311.25 10.81
645.18 9.02 314.50 3.22
661.43 8.98 320.31 11.70
678.00 8.81 323.93 7.36
694.43 8.93 327.50 4.65
710.87 8.86 329.50 18.60
727.18 9.01 337.87 19.15
743.43 8.93 347.87 5.25
760.00 8.82 364.50 21.74
776.50 8.90 365.43 12.66
792.87 8.81 373.81 5.91
809.25 8.99 377.81 15.06
825.56 8.88 391.62 9.06
841.93 8.83 405.25 12.26
858.56 8.87 415.12 34.72
874.75 8.85 419.81 22.11
891.25 8.97 431.56 16.58
907.62 8.85 444.68 14.99
924.06 8.78 458.75 11.51
940.56 8.87 480.00 24.87
956.81 8.82 489.93 14.16
973.37 8.93 499.18 4.53
989.62 8.85 511.68 13.00
1006.18 8.73 527.12 15.47
1022.62 8.90 543.68 9.64
1038.93 8.88 558.37 8.96
1055.31 8.74 572.93 10.62
1071.68 8.88 586.31 8.54
1088.25 8.76 600.81 9.22
1104.56 8.92 610.37 13.26
1121.00 8.82 630.37 14.08
1137.43 8.70 645.43 9.47
1153.81 8.84 661.37 14.81
1170.25 8.77 673.12 8.24
1186.68 8.89 684.50 13.63
1202.93 8.80 696.62 16.92
1219.56 8.70 714.93 9.71
1235.93 8.83 726.93 13.54
1252.37 8.77 743.31 8.89
1268.81 8.88 755.50 8.39
1285.12 8.82 764.75 19.13
1301.62 8.69 783.06 9.46
1318.06 8.80 791.50 8.61
1334.43 8.77 808.43 14.49
1350.93 8.85 819.62 9.63
1367.18 8.80 827.87 7.64
1383.75 8.65 831.43 31.88
1400.12 8.79 856.31 33.73
1416.62 8.71 858.75 12.16
1433.12 8.79 869.18 12.29
1449.31 8.77 875.87 21.62
1465.81 8.62 889.50 18.51
1482.18 8.77 883.31 19.61
1498.68 8.69 899.18 11.41
1515.18 8.77 904.81 5.88
1531.37 8.75 908.68 13.16
1547.93 8.58 915.18 5.27
1564.18 8.77 918.81 4.95
1580.62 8.66 922.37 6.60
1597.18 8.76 925.93 3.45
1613.25 8.74 926.87 3.90
1629.87 8.61 929.93 7.46
1646.25 8.74 932.06 3.77
1662.62 8.66 933.68 6.03
1679.25 8.73 938.18 20.01
1695.31 8.71 930.25 3.44
1711.87 8.61 929.37 3.28
1728.31 8.71 930.25 12.24
1744.56 8.67 925.12 3.39
1761.25 8.72 920.75 4.98
1777.43 8.67 916.37 7.01
1793.93 8.58 912.75 4.16
1810.37 8.69 907.56 7.80
1826.56 8.67 902.12 5.37
1843.18 8.49 896.18 3.94
1859.43 8.66 888.56 5.73
1876.06 8.52 882.75 8.14
1892.43 8.66 874.43 6.41
1908.62 8.64 869.25 14.12
1925.18 8.48 857.75 6.50
1941.50 8.64 847.12 7.97
1958.06 8.53 839.87 16.69
1974.50 8.64 824.75 10.16
1990.68 8.62 816.62 8.59
2007.25 8.46 798.75 21.44
2023.62 8.70 792.37 7.79
2040.06 8.58 781.18 8.29
2056.56 8.72 764.25 17.73
2072.68 8.68 755.00 10.46
2089.37 8.53 743.18 8.10
2105.62 8.70 736.18 16.80
2122.18 8.54 715.68 9.47
2138.75 8.66 703.18 8.68
2154.81 8.64 689.37 8.80
2171.37 8.47 678.00 4.94
2187.75 8.66 667.31 13.01
2204.12 8.62 648.31 8.40
2220.75 8.70 635.75 8.67
2237.00 8.66 621.87 9.07
2253.43 8.49 606.18 10.57
2269.87 8.66 594.68 8.89
2286.12 8.62 578.62 11.44
2302.87 8.42 569.12 9.16
2319.06 8.65 555.31 8.88
2335.56 8.45 546.37 14.57
2351.93 8.65 527.87 8.59
2368.31 8.56 516.25 7.46
2384.87 8.42 502.68 8.93
2401.25 8.60 491.93 8.40
2417.56 8.48 479.56 6.07
2434.06 8.61 464.81 12.76
2450.43 8.53 458.81 4.63
2466.93 8.40 449.87 16.44
2483.25 8.59 436.93 22.63
2499.62 8.46 425.37 8.94
2516.12 8.59 420.31 12.95
2532.50 8.51 406.81 18.03
2549.00 8.38 397.12 11.16
2565.25 8.59 388.06 13.51
2581.56 8.48 383.25 15.15
2598.12 8.59 377.06 6.86
2614.37 8.55 371.62 4.75
2630.87 8.36 362.93 6.81
2647.18 8.57 359.25 5.72
2663.62 8.45 354.12 4.36
2680.25 8.55 341.62 34.50
2696.50 8.50 346.50 3.81
2712.93 8.33 344.12 5.02
2729.31 8.52 336.68 18.39
2745.62 8.45 340.37 4.65
2762.31 8.52 340.81 7.11
2778.56 8.48 338.00 5.70
2794.93 8.32 337.87 4.01
2811.31 8.52 339.68 3.12
2827.68 8.43 339.25 5.99
2844.25 8.29 342.06 4.65
2860.56 8.48 344.18 5.09
2876.93 8.32 347.18 8.27
2893.31 8.52 352.00 4.69
2909.68 8.43 360.68 16.88
2926.12 8.33 358.43 12.66
2942.56 8.47 365.18 7.75
2959.00 8.31 381.06 31.49
2975.37 8.50 387.93 24.02
2991.75 8.41 385.75 8.11
3008.18 8.31 391.93 23.63
3024.62 8.51 399.81 12.29
3040.93 8.39 408.25 11.96
3057.43 8.53 417.75 22.59
3073.68 8.49 429.12 9.99
3090.18 8.36 440.75 8.77
3106.56 8.48 447.68 16.06
3123.06 8.35 458.93 8.96
3139.56 8.50 468.68 7.66
3155.87 8.43 481.00 11.55
3172.37 8.30 493.25 7.47
3188.62 8.47 503.81 10.06
3205.06 8.41 515.50 10.40
3221.62 8.52 529.68 8.99
3237.93 8.46 539.87 8.76
3254.37 8.35 546.18 26.51
3270.75 8.52 566.75 9.29
3287.06 8.41 578.43 7.83
3303.68 8.26 581.37 31.31
3320.12 8.40 604.93 9.21
3336.50 8.32 618.75 7.78
3352.81 8.51 637.56 21.98
3369.12 8.40 644.06 8.23
3385.68 8.27 652.43 18.22
3402.25 8.37 668.18 7.79
3418.68 8.27 682.25 9.56
3434.93 8.48 691.37 13.83
3451.25 8.37 705.87 7.42
3467.75 8.25 719.00 7.42
3484.18 8.39 740.87 16.81
3500.56 8.26 743.81 8.25
3516.93 8.44 756.75 11.42
3533.31 8.35 766.56 24.25
3549.81 8.23 772.18 14.51
3566.18 8.39 780.62 20.17
3582.62 8.22 816.56 50.50
3598.93 8.44 797.37 33.49
3615.31 8.35 818.81 12.92
3631.81 8.23 827.68 14.82
3648.12 8.42 832.12 8.79
3664.56 8.25 841.50 6.28
3681.00 8.42 845.43 14.50
3697.37 8.33 855.25 5.07
3713.93 8.19 861.68 4.45
3730.18 8.40 864.06 15.95
3746.56 8.25 874.93 6.12
3763.06 8.39 882.18 12.49
3779.43 8.30 884.68 7.22
3795.87 8.20 886.31 4.16
3812.18 8.40 890.62 5.77
3828.50 8.29 894.25 8.81
3845.06 8.39 894.62 4.89
3861.43 8.30 895.68 8.27
3877.87 8.20 899.56 8.95
3894.18 8.40 898.68 4.74
3910.50 8.27 901.18 7.75
3927.00 8.16 900.06 11.44
3943.37 8.33 895.56 5.12
3959.81 8.16 893.12 6.23
3976.18 8.35 895.81 13.91
3992.56 8.27 888.81 5.79
4009.06 8.14 880.37 18.40
4025.43 8.36 879.93 5.11
4041.93 8.23 879.87 9.41
4058.18 8.41 871.68 17.59
4074.62 8.30 864.00 7.27
4091.12 8.18 864.56 16.39
4107.43 8.36 854.68 19.25
4124.06 8.20 845.12 6.07
4140.31 8.38 836.50 8.85
4156.75 8.27 828.00 13.05
4173.25 8.15 820.12 5.68
4189.62 8.31 815.25 14.54
4206.06 8.24 805.00 12.09
4222.43 8.43 793.81 8.05
4238.75 8.32 783.87 8.92
4255.25 8.20 772.62 7.81
4271.62 8.36 763.00 7.15
4288.00 8.28 751.43 8.60
4304.56 8.40 738.18 8.07
4320.87 8.29 730.18 7.22
4337.37 8.17 717.12 9.06
4353.68 8.34 705.75 10.72
4370.00 8.23 694.00 6.74
4386.50 8.13 681.75 7.93
4403.00 8.26 667.81 11.43
4419.50 8.14 656.75 7.21
4435.87 8.30 645.75 7.35
4452.12 8.23 631.68 9.35
4468.62 8.34 621.25 8.16
4485.06 8.24 610.81 12.43
4501.56 8.12 594.31 12.68
4517.87 8.30 585.12 7.16
4534.18 8.21 569.00 13.21
4550.68 8.33 563.93 12.92
4567.06 8.24 549.50 6.99
4583.56 8.12 523.31 27.98
4599.81 8.34 527.87 13.30
4616.18 8.21 515.56 7.19
4632.68 8.33 501.50 13.86
4649.06 8.24 498.68 13.57
4665.56 8.11 482.75 8.72
4681.81 8.34 473.50 20.01
4698.18 8.21 466.18 5.89
4714.68 8.08 457.12 12.01
4731.12 8.22 451.12 15.69
4747.50 8.16 437.62 7.42
4763.93 8.29 424.87 22.95
4780.18 8.20 425.25 9.02
4796.75 8.06 416.56 4.11
4813.06 8.24 409.75 5.56
4829.43 8.11 401.25 17.26
4845.87 8.27 398.00 5.07
4862.18 8.20 391.50 5.99
4878.75 8.06 387.50 8.62
4895.06 8.24 384.12 3.92
4911.43 8.11 381.12 5.39
4927.81 8.28 374.75 18.01
4944.31 8.17 374.18 5.80
4960.81 8.04 372.50 4.94
4977.12 8.22 375.31 13.31
4993.37 8.15 370.00 3.84
5009.87 8.27 374.56 16.56
5026.37 8.21 370.50 5.52
5042.87 8.08 371.75 4.68
5059.12 8.30 373.56 6.78
5075.50 8.24 374.87 5.38
5091.93 8.31 369.68 23.68
5108.31 8.22 376.43 14.34
5124.93 8.07 383.06 6.17
5141.25 8.27 386.25 7.84
5157.62 8.21 399.18 26.37
5174.00 8.05 391.50 18.75
5190.43 8.19 408.81 30.63
5206.93 8.15 408.06 11.92
5223.25 8.32 422.06 31.49
5239.56 8.21 422.81 8.55
5256.06 8.08 429.56 17.63
5272.43 8.24 435.56 6.60
5288.87 8.16 441.56 7.97
5305.37 8.29 444.93 20.24
5321.68 8.18 461.93 6.30
5338.18 8.05 464.81 17.45
5354.62 8.20 481.18 6.67
5371.06 8.13 488.75 6.01
5387.43 8.29 498.06 7.97
5403.81 8.15 504.12 10.66
5420.31 8.03 519.81 6.28
5436.75 8.17 532.18 11.49
5453.12 8.15 536.93 10.58
5469.50 8.28 553.06 6.03
5485.93 8.13 561.37 12.71
5502.37 8.01 577.81 19.40
5518.81 8.15 586.43 6.69
5535.12 8.15 599.75 11.36
5551.50 8.27 604.31 16.68
5567.87 8.14 620.81 7.45
5584.31 8.04 630.62 9.99
5600.68 8.22 642.75 16.20
5617.12 8.15 655.68 7.02
5633.43 8.04 666.12 17.39
5649.81 8.15 681.00 11.61
5666.43 8.00 687.68 8.78
5682.68 8.22 700.18 17.30
5699.06 8.10 711.31 6.26
5715.43 8.00 720.75 6.56
5731.87 8.14 738.93 13.84
5748.43 8.00 740.43 8.28
5764.75 8.20 749.81 10.49
5781.06 8.09 768.37 18.36
5797.50 7.97 769.87 6.81
5813.93 8.12 779.31 7.05
5830.50 7.97 787.18 9.21
5846.75 8.20 796.00 5.79
5863.06 8.09 807.12 16.29
5879.50 7.97 806.50 16.21
5895.93 8.12 817.06 6.67
5912.50 7.97 821.25 9.86
5928.75 8.20 833.56 11.82
5945.12 8.08 838.00 6.79
5961.56 7.96 842.81 6.53
5978.00 8.10 842.93 8.88
5994.37 8.04 851.87 5.05
6010.75 8.19 853.56 14.27
6027.25 8.16 858.37 5.96
6043.62 8.01 859.62 4.21
6059.93 8.21 860.18 12.92
6076.43 8.09 867.12 5.49
6092.75 8.02 867.12 5.18
6109.12 8.13 863.18 26.08
6125.75 7.98 868.81 5.29
6142.06 8.19 867.12 4.68
6158.56 8.06 868.50 13.77
6174.81 7.96 864.62 5.55
6191.25 8.10 863.43 4.82
6207.81 8.01 861.75 17.98
6224.12 8.22 859.43 5.01
6240.50 8.16 853.93 9.62
6256.87 8.04 851.50 14.36
6273.31 8.14 847.75 4.80
6289.81 8.01 841.68 5.68
6306.25 8.20 833.06 32.57
6322.68 8.14 832.56 5.50
6339.00 8.02 825.06 12.96
6355.37 8.13 821.00 10.12
6371.93 7.99 811.06 6.23
6388.31 8.19 804.12 6.80
6404.75 8.12 794.18 11.65
6421.12 8.00 790.75 6.27
6437.43 8.12 783.56 7.07
6453.93 8.04 769.00 21.90
6470.37 8.18 765.37 5.44
6486.81 8.11 758.68 17.33
6503.18 7.98 747.31 25.51
6519.50 8.11 737.25 7.17
6535.93 8.04 729.37 14.17
6552.37 8.18 714.75 11.50
6568.68 8.07 706.31 7.21
6585.12 7.95 695.75 7.13
6601.50 8.11 680.25 15.57
6617.93 8.04 674.56 7.28
6634.37 8.18 665.37 15.01
6650.68 8.07 653.56 7.47
6667.18 7.94 642.06 6.96
6683.50 8.15 634.18 12.76
6700.00 8.07 619.43 7.12
6716.37 8.18 607.25 9.03
6732.75 8.05 595.31 16.95
6749.18 7.94 589.62 8.79
6765.56 8.13 577.81 5.97
6782.06 8.05 577.68 30.11
6798.50 8.15 556.31 6.52
6814.68 8.06 550.00 17.92
6831.25 7.92 538.50 7.72
6847.56 8.13 527.62 7.09
6863.93 8.07 521.50 16.93
6880.37 7.93 515.50 16.96
6896.62 8.08 499.87 4.78
6913.25 7.92 490.43 6.63
6929.56 8.13 479.87 19.92
6946.00 8.06 472.06 6.91
6962.43 7.92 463.62 10.71
6978.75 8.05 454.75 18.62
6995.18 7.98 453.37 6.59
7011.56 8.13 459.68 37.42
7028.00 8.11 434.62 9.14
7044.43 7.94 433.43 4.80
7060.81 8.09 428.37 4.36
7077.25 8.02 420.43 6.86
7093.62 8.17 419.00 3.95
7110.00 8.11 410.18 12.30
7126.50 7.93 412.12 6.49
7142.87 8.13 408.18 3.94
7159.37 8.01 405.43 5.99
7175.81 8.14 401.37 6.47
7192.18 8.09 400.37 4.01
7208.62 8.00 400.50 17.37
7225.00 8.11 399.75 4.73
7241.37 8.10 396.87 10.37
7257.87 8.18 401.00 24.96
7274.06 8.16 398.18 7.56
7290.62 8.00 398.93 9.03
7307.00 8.11 401.06 6.66
7323.37 8.11 403.62 5.07
7339.81 7.97 407.12 6.95
7356.25 8.13 407.50 10.88
7372.68 8.00 413.56 3.98
7389.06 8.11 418.81 7.06
7405.43 8.11 426.62 14.70
7421.87 7.97 428.25 5.18
7438.12 8.10 432.37 5.95
7454.62 8.01 440.87 15.87
7471.00 8.17 444.43 4.73
7487.43 8.11 449.25 5.42
7503.93 7.96 459.56 11.15
7520.18 8.09 465.56 5.66
7536.56 8.03 471.37 5.50
7553.06 8.16 474.62 33.55
7569.43 8.11 487.93 5.57
7585.87 7.97 500.62 12.54
7602.18 8.09 504.62 9.35
7618.56 8.03 513.56 5.87
7635.06 8.16 523.43 5.22
7651.43 8.11 534.12 11.86
7667.93 7.96 542.00 5.44
7684.25 8.07 552.68 7.13
7700.56 8.08 561.06 9.42
7717.12 8.14 571.37 5.74
7733.43 8.10 578.75 10.56
7749.87 7.97 583.68 29.72
7766.25 8.07 600.62 6.82
7782.62 8.07 605.06 21.18
7799.18 8.13 620.00 10.37
7815.50 8.08 635.81 13.50
7831.93 7.95 635.00 39.19
7848.25 8.07 654.25 10.77
7864.62 8.07 659.68 13.69
7881.06 7.93 673.81 12.17
7897.31 8.06 682.93 6.63
7913.87 7.91 693.50 13.27
7930.18 8.13 709.25 23.39
7946.68 8.06 711.75 7.24
7963.12 7.92 717.93 8.44
7979.37 8.05 735.75 17.26
7995.75 7.99 736.31 5.96
8012.31 8.11 745.43 6.54
8028.75 8.11 756.25 9.05
8045.18 7.97 764.12 5.70
8061.50 8.15 766.37 12.65
8077.81 8.05 783.06 17.11
8094.37 8.16 784.00 4.03
8110.75 8.11 794.00 14.39
8127.31 7.95 794.75 11.14
8143.62 8.14 804.18 2.32
8159.93 8.03 809.93 7.64
8176.43 8.15 816.12 10.51
8192.81 8.11 817.68 3.80
8209.31 8.00 817.68 18.85
8225.68 8.17 836.06 31.93
8242.06 8.11 829.00 6.86
8258.50 8.19 828.12 21.17
8274.87 8.14 835.06 3.55
8291.25 8.01 838.12 6.67
8307.68 8.12 836.25 17.04
8324.00 8.14 835.37 20.42
8340.50 7.98 837.12 8.71
8356.93 8.15 840.75 5.75
8373.31 8.01 844.81 13.45
8389.68 8.18 839.43 5.00
8406.06 8.13 839.18 21.53
8422.50 7.99 840.00 11.05
8439.00 8.15 831.87 13.63
8455.31 8.09 837.00 17.47
8471.68 8.18 829.62 4.76
8488.06 8.13 827.00 11.37
8504.50 7.99 820.81 12.62
8521.00 8.15 818.43 6.99
8537.37 8.08 811.37 15.16
8553.68 8.18 814.06 18.03
8570.06 8.13 801.62 7.57
8586.50 7.99 796.81 6.02
8602.93 8.15 793.06 8.81
8619.25 8.09 785.18 6.98
8635.62 8.19 777.93 6.40
8652.00 8.15 770.62 5.58
8668.56 7.98 763.62 6.84
8684.93 8.17 755.31 7.84
8701.31 8.08 747.06 8.27
8717.68 8.18 741.00 7.18
8734.12 8.13 733.50 12.84
8750.56 7.98 722.12 6.44
8766.81 8.11 714.06 6.52
8783.18 8.12 706.75 16.53
8799.68 8.18 695.75 7.10
8816.18 8.12 682.81 13.83
8832.56 7.98 682.37 17.53
8848.75 8.17 667.12 6.57
8865.25 8.05 658.06 5.54
8881.56 7.98 646.75 16.52
8898.12 8.13 639.18 6.59
8914.56 7.98 629.56 6.48
8930.75 8.17 624.37 6.16
8947.31 8.04 611.68 9.16
8963.68 7.97 596.75 17.44
8980.18 8.12 592.81 16.70
8996.56 8.04 578.12 15.17
9012.81 8.17 563.25 42.05
9029.37 8.10 557.43 14.02
9045.68 8.03 554.00 5.41
9062.12 8.19 546.12 5.24
9078.50 8.11 526.12 22.76
9094.93 8.28 527.81 4.42
9111.31 8.17 517.75 8.65
9127.81 8.02 502.56 39.43
9144.25 8.21 503.75 3.46
9160.62 8.11 494.31 15.77
9176.93 8.22 486.87 7.00
9193.43 8.16 483.50 3.06
9209.87 8.06 474.56 13.60
9226.25 8.25 471.37 8.13
9242.62 8.18 460.50 16.69
9259.00 8.26 455.68 12.43
9275.50 8.20 451.93 7.22
9291.87 8.06 446.31 8.14
9308.37 8.26 433.81 21.27
9324.68 8.18 441.37 3.85
9341.00 8.06 436.12 4.78
9357.50 8.22 434.43 2.09
9373.93 8.07 431.93 3.65
9390.37 8.26 429.56 3.81
9406.81 8.18 426.50 22.51
9423.06 8.06 427.75 3.77
9439.56 8.22 424.31 2.73
9455.93 8.14 426.31 9.90
9472.31 8.25 424.06 3.13
9488.75 8.18 430.37 13.16
9505.00 8.07 430.43 22.07
9521.50 8.23 426.18 3.26
9537.93 8.14 427.43 7.44
9554.31 8.25 426.18 14.34
9570.68 8.25 431.68 3.87
9587.00 8.07 434.37 5.02
9603.50 8.23 440.93 8.63
9619.87 8.16 441.68 4.35
9636.12 8.27 448.25 11.57
9652.62 8.21 449.31 6.62
9669.06 8.06 455.12 5.43
9685.56 8.25 458.62 7.19
9701.93 8.16 464.00 7.47
9718.18 8.26 471.43 4.20
9734.68 8.20 467.75 39.84
9751.06 8.06 487.06 10.51
9767.56 8.25 489.87 5.43
9783.87 8.18 498.62 24.05
9800.18 8.26 504.56 5.38
9816.68 8.20 513.06 5.15
9833.06 8.06 522.37 27.72
9849.50 8.25 528.93 4.57
9865.87 8.18 535.68 6.70
9882.12 8.06 545.00 6.80
9898.62 8.22 550.62 13.39
9915.06 8.06 563.25 5.46
9931.37 8.24 573.37 14.36
9947.87 8.18 578.81 6.73
9964.18 8.06 587.68 5.18
9980.68 8.22 593.37 20.08
9997.06 8.13 607.12 5.39
10013.43 8.24 609.75 17.42
10029.87 8.30 614.68 23.36
10046.25 8.12 634.00 5.32
10062.75 8.28 643.31 6.81
10079.06 8.21 657.75 23.75
10095.37 8.38 660.81 5.65
10111.81 8.26 668.75 6.50
10128.31 8.12 681.12 10.34
10144.75 8.32 687.56 4.57
10161.12 8.21 694.68 5.51
10177.56 8.38 703.56 3.92
10193.87 8.27 712.43 4.63
10210.37 8.17 716.81 17.55
10226.81 8.36 729.37 4.77
10243.12 8.29 741.56 24.46
10259.50 8.42 738.56 9.63
10276.00 8.36 747.37 7.46
10292.31 8.17 757.06 7.15
10308.81 8.36 756.06 26.02
10325.18 8.30 766.75 10.92
10341.50 8.24 774.31 5.12
10358.00 8.39 774.68 17.19
10374.37 8.18 784.43 4.01
10390.81 8.37 789.81 3.27
10407.25 8.31 789.75 11.37
10423.56 8.24 797.37 4.51
10440.00 8.38 801.68 2.85
10456.37 8.26 805.75 18.14
10472.81 8.37 808.25 3.68
10489.18 8.38 816.75 15.74
10505.50 8.18 809.06 14.99
10521.93 8.33 812.56 8.31
10538.37 8.26 812.87 11.96
10554.81 8.37 815.75 22.90
10571.18 8.38 818.25 5.26
10587.50 8.18 817.06 3.68
10603.93 8.33 816.62 6.44
10620.37 8.26 816.12 3.12
10636.75 8.44 815.37 3.87
10653.12 8.37 816.75 6.54
10669.56 8.18 812.31 4.23
10686.00 8.34 813.18 11.44
10702.43 8.26 808.18 8.30
10718.75 8.44 804.81 4.92
10735.18 8.37 804.37 14.90
10751.50 8.18 800.18 10.86
10767.93 8.37 791.81 4.49
10784.43 8.26 792.12 15.98
10800.68 8.44 786.43 16.10
10817.18 8.37 777.56 6.02
10833.50 8.18 772.75 5.51
10849.93 8.37 771.93 23.56
10866.31 8.31 763.37 11.66
10882.62 8.24 754.25 6.43
10899.12 8.36 749.43 9.84
10915.50 8.18 743.06 10.37
10931.93 8.37 733.75 7.08
10948.31 8.31 727.12 5.89
10964.56 8.18 716.68 10.26
10981.06 8.32 709.06 9.47
10997.50 8.26 702.43 6.98
11013.93 8.37 694.56 7.80
11030.31 8.31 682.87 12.78
11046.62 8.24 680.50 10.63
11063.06 8.32 666.06 19.72
11079.50 8.32 658.87 17.13
11095.87 8.44 653.06 6.01
11112.25 8.30 644.37 4.74
11128.62 8.24 634.87 9.98
11145.00 8.34 628.00 7.19
11161.50 8.32 620.00 6.49
11177.87 8.44 610.87 7.12
11194.25 8.30 603.12 5.49
11210.68 8.30 595.43 8.03
11227.06 8.47 591.12 15.32
11243.56 8.37 576.50 6.29
11259.81 8.48 569.93 8.78
11276.25 8.43 563.00 6.57
11292.68 8.30 553.75 5.64
11309.12 8.44 543.18 11.70
11325.43 8.42 539.00 7.92
11341.75 8.29 530.00 4.89
11358.25 8.43 523.37 5.32
11374.68 8.30 517.31 4.78
11391.12 8.39 511.18 4.74
11407.50 8.35 502.62 5.18
11423.81 8.30 496.56 3.50
11440.37 8.45 491.62 4.58
11456.68 8.39 487.50 8.10
11473.12 8.39 481.87 3.24
11489.50 8.35 477.93 4.35
11505.75 8.31 476.68 12.74
11522.31 8.44 471.50 12.99
11538.62 8.39 460.68 13.25
11555.06 8.43 453.93 22.08
11571.50 8.35 463.31 23.42
11587.75 8.31 451.00 15.63
11604.25 8.46 454.12 9.07
11620.62 8.39 450.68 2.52
11637.00 8.50 448.56 1.73
11653.43 8.38 445.75 6.99
11669.81 8.31 448.93 6.70
11686.25 8.46 446.25 2.97
11702.68 8.39 448.75 13.47
11719.00 8.51 445.50 3.62
11735.43 8.46 447.37 6.28
11751.81 8.31 444.00 23.65
11768.25 8.46 450.31 4.10
11784.68 8.39 443.50 20.03
11801.00 8.51 452.37 7.51
11817.43 8.46 456.75 4.17
11833.81 8.31 455.25 6.43
11850.18 8.40 466.18 14.32
11866.56 8.36 465.06 6.58
11882.93 8.32 470.62 6.48
11899.43 8.46 474.43 8.21
11915.81 8.31 478.56 5.22
11932.18 8.40 485.62 7.66
11948.56 8.36 487.93 6.05
11964.87 8.33 494.37 8.40
11981.37 8.45 498.50 19.91
11997.75 8.39 508.43 7.42
12014.12 8.44 512.00 9.71
12030.56 8.36 513.56 19.67
12046.81 8.31 529.68 15.43
12063.37 8.45 532.68 6.19
12079.68 8.39 542.56 17.46
12096.06 8.51 546.43 6.15
12112.50 8.39 555.62 8.30
12128.81 8.31 568.93 37.22
12145.25 8.46 570.12 6.01
12161.68 8.39 578.37 5.34
12178.06 8.51 585.18 11.24
12194.50 8.39 592.06 5.99
12210.87 8.37 601.06 7.65
12227.31 8.52 608.18 9.22
12243.75 8.45 619.93 10.41
12260.12 8.56 627.87 9.06
12276.50 8.52 633.81 20.88
12292.87 8.37 642.37 5.80
12309.31 8.52 648.56 19.07
12325.68 8.47 653.37 18.56
12342.06 8.38 665.62 6.26
12358.50 8.52 677.50 23.43
12374.87 8.37 674.00 24.35
12391.31 8.52 687.93 5.54
12407.62 8.42 697.93 7.39
12424.06 8.38 701.87 7.03
12440.50 8.52 709.56 5.49
12456.81 8.45 713.31 12.71
12473.25 8.55 724.93 5.34
12489.62 8.42 730.68 6.22
12505.87 8.37 738.25 6.29
12522.43 8.51 743.25 10.35
12538.75 8.45 750.93 9.20
12555.25 8.55 748.12 17.94
12571.56 8.45 754.00 15.66
12587.87 8.37 759.37 28.41
12604.37 8.53 771.62 32.38
12620.75 8.45 771.68 3.26
12637.12 8.56 776.12 4.00
12653.56 8.45 780.62 7.64
12669.93 8.38 782.75 4.51
12686.37 8.53 785.37 4.31
12702.81 8.46 790.62 7.46
12719.18 8.58 792.50 6.85
12735.56 8.53 784.50 24.02
12751.93 8.38 795.75 7.19
12768.37 8.53 795.18 3.68
12784.81 8.46 797.12 18.75
12801.12 8.56 799.43 12.17
12817.56 8.53 796.12 4.33
12833.93 8.38 805.81 30.91
12850.37 8.53 796.81 5.50
12866.75 8.41 795.87 6.55
12883.06 8.38 792.56 5.57
12899.56 8.53 792.31 6.58
12915.93 8.38 789.93 5.47
12932.31 8.57 787.00 9.53
12948.68 8.43 784.18 5.42
12964.93 8.38 781.87 5.85
12981.50 8.52 777.62 19.39
12997.87 8.46 773.62 7.95
13014.31 8.57 763.00 22.00
13030.62 8.46 759.50 17.76
13046.93 8.38 757.68 16.03
13063.50 8.52 754.68 9.11
13079.87 8.46 750.68 15.13
13096.18 8.58 744.12 10.78
13112.62 8.46 740.81 7.63
13128.93 8.38 728.93 15.70
13145.43 8.51 728.62 6.37
13161.87 8.46 720.50 7.06
13178.18 8.58 715.93 8.92
13194.62 8.46 708.75 6.85
13210.93 8.38 698.68 25.43
13227.37 8.53 700.06 21.56
13243.87 8.46 688.68 8.34
13260.18 8.62 685.43 21.94
13276.56 8.53 667.93 13.81
13292.93 8.38 665.68 6.09
13309.37 8.53 661.06 16.46
13325.81 8.46 646.56 15.04
13342.06 8.38 642.62 7.39
13358.56 8.53 634.87 7.88
13374.93 8.38 624.37 8.07
13391.37 8.53 621.43 8.31
13407.68 8.43 611.81 6.62
13424.06 8.38 602.93 7.94
13440.56 8.53 598.50 7.99
13456.87 8.46 588.37 18.79
13473.37 8.53 583.00 6.79
13489.75 8.41 577.50 11.13
13506.00 8.37 557.68 26.57
13522.56 8.53 562.06 5.69
13538.87 8.46 549.25 10.02
13555.37 8.53 549.62 19.74
13571.75 8.41 541.12 4.76
13587.93 8.38 535.12 18.39
13604.56 8.53 527.06 17.02
13620.87 8.46 523.37 3.66
13637.31 8.61 519.06 6.99
13653.75 8.41 513.00 4.23
13669.93 8.38 507.87 3.37
13686.50 8.56 500.81 6.89
13702.87 8.46 496.37 5.05
13719.25 8.64 493.06 3.38
13735.62 8.50 489.31 7.69
13751.93 8.38 481.81 19.63
13768.43 8.51 482.31 2.75
13784.81 8.46 472.00 14.11
13801.12 8.56 476.62 19.79
13817.56 8.53 476.00 9.82
13833.93 8.38 466.31 35.40
13850.43 8.51 468.56 4.94
13866.75 8.41 471.50 14.01
13883.06 8.38 467.75 6.42
13899.56 8.53 467.75 4.97
13915.93 8.38 465.81 4.14
13932.43 8.51 465.75 7.16
13948.75 8.41 464.75 7.39
13965.00 8.37 471.56 24.00
13981.56 8.53 471.31 15.67
13997.87 8.46 469.12 4.31
14014.37 8.53 471.75 25.58
14030.75 8.41 472.75 17.06
14046.93 8.38 477.93 14.67
14063.56 8.53 477.62 5.21
14079.87 8.46 482.06 14.66
14096.31 8.61 486.75 16.11
14112.75 8.41 488.12 10.74
14129.00 8.37 484.62 19.18
14145.56 8.53 494.93 6.39
14161.87 8.46 500.68 7.55
14178.25 8.64 505.18 11.25
14194.68 8.43 510.18 7.60
14211.00 8.37 511.43 18.82
14227.43 8.51 517.93 12.76
14243.87 8.46 523.87 8.11
14260.18 8.62 536.25 22.04
14276.56 8.53 539.43 10.68
14293.00 8.37 543.81 8.15
14309.50 8.52 547.37 24.00
14325.81 8.46 565.06 35.70
14342.06 8.38 560.06 12.10
14358.56 8.53 568.00 6.36
14374.93 8.38 574.25 11.04
14391.50 8.52 581.87 6.23
14407.81 8.46 590.06 7.42
14424.06 8.38 597.00 7.65
14440.56 8.53 602.62 8.11
14456.87 8.46 612.37 7.38
14473.43 8.54 618.50 5.69
14489.75 8.41 623.25 10.45
14506.06 8.38 635.31 14.69
14522.56 8.53 644.37 10.90
14538.87 8.46 648.81 11.04
14555.37 8.53 652.00 20.39
14571.75 8.41 662.06 4.64
14588.00 8.37 674.37 16.44
14604.56 8.53 677.56 18.81
14620.87 8.46 680.81 3.61
14637.31 8.61 687.81 5.78
14653.68 8.43 693.37 6.81
14670.00 8.37 700.12 3.60
14686.56 8.53 705.31 8.96
14702.87 8.46 710.31 9.31
14719.25 8.64 718.43 3.41
14735.62 8.50 719.06 33.12
14752.00 8.37 731.31 8.24
14768.50 8.52 735.81 4.76
14784.81 8.46 745.31 15.27
14801.18 8.58 743.25 11.17
14817.56 8.53 748.56 4.20
14833.93 8.38 753.75 15.36
14850.50 8.52 756.50 5.54
14866.81 8.46 758.43 6.31
14883.12 8.39 762.43 3.64
14899.56 8.53 766.50 5.10
14915.93 8.38 767.43 4.06
14932.43 8.54 771.56 8.62
14948.75 8.41 770.75 4.70
14965.12 8.39 774.68 7.14
14981.56 8.53 775.62 13.02
14997.87 8.46 778.06 6.16
15014.37 8.53 780.68 13.31
15030.81 8.46 783.68 32.31
15047.00 8.37 779.31 8.04
15063.56 8.53 776.06 8.76
15079.87 8.46 777.31 9.03
15096.31 8.61 768.81 29.01
15112.75 8.49 773.25 7.69
15129.06 8.38 775.25 9.83
15145.56 8.53 770.37 5.12
15161.87 8.46 770.18 6.03
15178.25 8.64 767.00 9.25
15194.75 8.49 765.18 5.39
15211.06 8.38 763.37 5.94
15227.50 8.52 758.81 12.90
15243.87 8.46 754.68 8.89
15260.25 8.64 746.81 34.43
15276.56 8.53 747.37 26.00
15293.00 8.39 742.00 6.07
15309.50 8.52 742.25 23.28
15325.87 8.46 733.62 6.93
15342.18 8.46 726.25 7.29
15358.56 8.53 718.00 15.75
15374.93 8.38 716.62 6.82
15391.43 8.54 710.50 8.43
15407.81 8.46 706.37 7.42
15424.18 8.46 699.81 5.08
15440.56 8.53 693.43 5.43
15456.87 8.46 684.81 18.60
15473.37 8.53 681.00 8.02
15489.81 8.46 677.43 11.61
15506.12 8.44 670.18 13.27
15522.56 8.53 662.12 7.67
15538.87 8.46 657.06 10.92
15555.37 8.53 655.18 20.23
15571.81 8.46 642.37 5.22
15588.06 8.38 635.25 9.48
15604.56 8.53 629.93 18.59
15620.87 8.46 619.81 5.46
15637.31 8.61 611.12 6.30
15653.81 8.46 605.25 7.02
15670.06 8.38 600.68 4.47
15686.56 8.53 594.87 4.61
15702.87 8.46 586.37 6.36
15719.25 8.64 581.12 5.69
15735.68 8.48 573.56 11.92
15752.00 8.39 568.75 8.25
15768.56 8.53 562.00 4.85
15784.87 8.46 551.50 19.40
15801.25 8.64 551.62 13.22
15817.62 8.51 551.18 16.20
15833.93 8.38 535.12 24.62
15850.50 8.52 531.06 11.93
15866.81 8.46 529.81 4.38
15883.18 8.46 523.93 5.07
15899.56 8.53 521.18 6.85
15915.93 8.38 516.18 5.42
15932.43 8.51 511.68 6.06
15948.87 8.46 510.00 7.87
15965.18 8.46 503.12 5.43
15981.56 8.53 498.12 12.07
15997.87 8.46 496.68 6.45
16014.43 8.51 496.31 8.53
16030.87 8.46 487.18 19.33
16047.06 8.38 489.06 18.06
16063.56 8.53 491.00 17.04
16079.87 8.46 492.50 26.82
16096.37 8.59 482.50 11.73
16112.87 8.46 488.62 14.24
16129.06 8.38 486.00 6.65
16145.56 8.53 483.12 7.03
16161.87 8.46 483.56 5.52
16178.25 8.64 481.12 9.27
16194.75 8.41 484.12 5.59
16211.06 8.38 485.12 6.20
16227.56 8.53 488.00 9.27
16243.87 8.46 487.00 5.56
16260.25 8.64 495.81 16.82
16276.62 8.51 491.00 17.38
16293.00 8.37 493.18 5.40
16309.50 8.52 499.62 14.32
16325.87 8.46 502.25 10.20
16342.18 8.46 502.62 5.46
16358.56 8.53 504.50 7.21
16375.00 8.37 507.43 9.38
16391.56 8.53 513.87 4.78
16407.87 8.46 518.68 6.22
16424.18 8.46 522.12 6.86
16440.56 8.53 527.50 4.97
16456.93 8.45 531.25 8.21
16473.56 8.53 540.12 21.19
16489.87 8.46 540.50 6.56
16506.12 8.44 549.50 11.10
16522.56 8.53 547.31 18.72
16538.87 8.46 559.87 10.56
16555.56 8.53 562.68 20.71
16571.87 8.46 569.06 7.11
16588.06 8.38 571.06 17.06
16604.56 8.53 580.81 6.66
16620.87 8.46 587.75 5.57
16637.37 8.61 593.25 5.73
16653.75 8.41 590.50 44.30
16670.06 8.38 606.56 5.96
16686.56 8.53 614.93 8.05
16702.87 8.46 618.87 4.82
16719.25 8.64 624.50 6.76
16735.68 8.48 627.37 22.71
16752.00 8.37 635.75 14.69
16768.56 8.53 643.93 5.03
16784.87 8.46 644.31 17.27
16801.25 8.64 656.00 17.16
16817.62 8.51 664.50 6.78
16834.00 8.37 670.18 17.25
16850.56 8.53 683.18 18.02
16866.87 8.46 680.75 5.24
16883.18 8.46 674.62 39.17
16899.56 8.53 691.06 6.22
16916.00 8.37 697.43 6.34
16932.56 8.53 703.37 6.35
16948.87 8.46 709.50 6.25
16965.18 8.46 712.56 3.98
16981.56 8.53 717.68 9.05
16997.87 8.46 716.25 27.36
17014.56 8.53 726.00 4.42
17030.87 8.46 733.12 8.20
17047.12 8.39 737.68 16.57
17063.56 8.53 735.43 10.70
17079.87 8.46 744.62 16.39
17096.43 8.59 744.87 3.77
17112.81 8.46 752.00 13.63
17129.06 8.38 753.18 15.67
17145.56 8.53 752.56 4.62
17161.87 8.46 756.18 7.69
17178.25 8.64 756.06 6.28
17194.81 8.46 757.56 5.89
17211.06 8.38 759.12 6.13
17227.56 8.53 753.31 23.73
17243.87 8.46 759.37 5.62
17260.25 8.64 764.43 15.88
17276.68 8.57 757.18 18.05
17293.06 8.38 760.31 5.66
17309.56 8.53 759.31 15.04
17325.87 8.46 766.50 25.50
17342.18 8.46 756.75 9.54
17358.62 8.59 756.68 9.20
17375.06 8.38 756.87 8.62
17391.56 8.53 757.06 17.46
17407.87 8.46 752.56 8.25
17424.18 8.46 749.31 5.97
17440.56 8.53 745.81 5.34
17457.00 8.45 742.00 5.62
17473.56 8.53 739.12 6.16
17489.87 8.46 734.43 7.16
17506.18 8.46 740.50 22.63
17522.56 8.53 728.18 6.57
17538.87 8.46 728.06 13.91
17555.50 8.52 718.93 22.91
17571.81 8.46 715.75 6.41
17588.12 8.44 710.06 6.85
17604.56 8.53 707.06 18.83
17620.87 8.46 702.31 6.72
17637.37 8.61 699.50 11.96
17653.81 8.46 689.87 6.47
17670.12 8.39 684.31 5.05
17686.56 8.53 680.43 5.59
17702.87 8.46 675.87 5.69
17719.25 8.64 669.81 5.94
17735.75 8.54 661.81 7.81
17752.12 8.39 657.18 14.12
17768.56 8.53 651.12 5.84
17784.87 8.46 650.62 14.08
17801.25 8.64 636.06 11.03
17817.68 8.57 632.18 6.69
17834.12 8.39 621.37 13.35
17850.56 8.53 624.75 15.16
17866.87 8.46 615.62 5.92
17883.18 8.46 611.93 12.14
17899.56 8.53 594.50 35.95
17916.06 8.38 596.25 6.19
17932.56 8.53 591.75 4.82
17948.87 8.46 586.37 4.95
17965.18 8.46 580.56 5.47
17981.56 8.53 572.81 6.21
17997.87 8.46 569.31 6.08
18014.50 8.52 569.81 20.49
18030.87 8.46 559.75 12.77
18047.18 8.46 550.81 10.04
18063.56 8.53 549.25 4.25
18079.87 8.46 555.00 35.09
18096.43 8.59 539.31 6.03
18112.87 8.46 531.56 10.65
18129.12 8.39 532.25 6.50
18145.56 8.53 528.12 4.59
18161.87 8.46 522.62 6.28
18178.25 8.64 519.68 5.81
18194.87 8.46 517.31 4.96
18211.18 8.46 515.43 3.43
18227.56 8.53 512.81 5.87
18243.87 8.46 509.37 5.18
18260.25 8.64 504.00 13.21
18276.75 8.57 507.43 14.31
18293.18 8.46 503.62 3.69
18309.56 8.53 499.31 17.78
18325.87 8.46 498.18 18.12
18342.18 8.46 501.62 6.71
18358.62 8.59 493.81 22.45
18375.12 8.44 498.75 5.09
18391.56 8.53 501.37 6.81
18407.87 8.46 500.06 7.29
18424.18 8.46 501.43 6.21
18440.56 8.53 500.62 4.51
18457.00 8.45 501.75 6.19
18473.56 8.53 504.18 4.14
18489.87 8.46 507.18 9.51
18506.18 8.46 501.25 27.67
18522.56 8.53 509.75 5.10
18538.87 8.46 515.18 11.14
18555.56 8.53 510.93 21.27
18571.87 8.46 520.06 14.46
18588.18 8.46 516.50 11.08
18604.56 8.53 526.06 15.76
18620.87 8.46 525.75 7.59
18637.43 8.63 530.50 8.11
18653.87 8.46 535.62 8.24
18670.18 8.46 539.12 6.79
18686.56 8.53 542.75 5.10
18702.87 8.46 546.93 8.07
18719.31 8.66 550.81 6.72
18735.81 8.54 555.31 13.29
18752.18 8.46 560.37 6.95
18768.56 8.53 563.75 7.13
18784.87 8.46 571.43 23.54
18801.25 8.64 581.37 15.11
18817.68 8.57 581.25 6.51
18834.12 8.44 586.37 13.86
18850.56 8.53 592.12 5.22
18866.87 8.46 598.00 6.18
18883.18 8.46 603.75 9.92
18899.56 8.53 608.68 6.66
18916.06 8.38 615.31 6.03
18932.56 8.53 620.81 5.73
18948.87 8.46 626.75 5.46
18965.18 8.46 631.93 6.18
18981.56 8.53 635.18 10.51
18997.87 8.46 641.62 13.43
19014.56 8.53 650.37 13.60
19030.87 8.46 654.06 22.37
19047.18 8.46 662.93 11.09
19063.56 8.53 669.06 15.07
19079.87 8.46 668.87 19.75
19096.50 8.61 675.93 4.75
19112.87 8.46 683.75 13.83
19129.18 8.46 686.68 6.64
19145.56 8.53 690.68 4.15
19161.87 8.46 696.00 4.41
19178.31 8.66 699.87 6.17
19194.87 8.46 705.93 4.61
19211.18 8.46 707.56 4.70
19227.56 8.53 712.81 4.35
19243.87 8.46 716.37 2.82
19260.25 8.64 722.25 21.73
19276.75 8.57 726.62 14.20
19293.12 8.44 726.81 3.13
19309.56 8.53 734.56 23.54
19325.87 8.46 734.25 15.83
19342.18 8.46 738.31 14.42
19358.62 8.59 736.75 9.70
19375.06 8.38 737.93 4.12
19391.56 8.53 741.62 4.18
19407.87 8.46 744.12 5.23
19424.18 8.46 742.31 4.27
19440.56 8.53 744.43 4.54
19457.00 8.45 738.56 24.95
19473.56 8.53 746.31 3.90
19489.87 8.46 744.18 6.85
19506.18 8.46 746.81 7.27
19522.56 8.53 749.62 10.77
19538.87 8.46 742.43 9.25
19555.56 8.53 747.56 15.84
19571.87 8.46 743.37 5.61
19588.18 8.46 744.81 9.58
19604.56 8.53 744.12 11.76
19620.87 8.46 739.25 4.40
19637.43 8.63 738.93 7.89
19653.87 8.46 735.93 7.42
19670.18 8.46 732.68 4.20
19686.56 8.53 729.37 5.62
19702.87 8.46 728.50 7.22
19719.31 8.66 722.75 6.16
19735.81 8.54 716.81 12.06
19752.18 8.46 721.56 16.09
19768.56 8.53 714.43 5.50
19784.87 8.46 702.62 19.48
19801.25 8.64 707.75 10.29
19817.68 8.57 701.25 5.68
19834.12 8.39 697.68 21.10
19850.56 8.53 696.12 16.78
19866.87 8.46 687.68 5.57
19883.18 8.46 681.62 11.27
19899.56 8.53 678.37 8.21
19916.12 8.39 673.50 6.19
19932.56 8.53 668.75 4.97
19948.87 8.46 663.87 7.56
19965.18 8.46 656.81 4.59
19981.56 8.53 647.00 20.97
19997.93 8.48 654.25 21.41
20014.56 8.53 642.06 12.67
20030.87 8.46 636.87 7.24
20047.18 8.46 630.31 6.00
20063.56 8.53 624.81 7.46
20079.87 8.46 618.12 11.00
20096.50 8.61 615.50 5.11
20112.87 8.46 606.75 9.95
20129.18 8.46 605.62 9.78
20145.56 8.53 599.56 4.94
20161.87 8.46 596.06 5.47
20178.31 8.66 589.06 6.96
20194.87 8.46 584.75 5.83
20211.18 8.46 579.37 5.15
20227.56 8.53 570.87 11.90
20243.87 8.46 570.12 5.50
20260.25 8.64 567.25 13.62
20276.75 8.57 554.75 18.89
20293.18 8.46 557.00 3.95
20309.56 8.53 546.43 11.05
20325.87 8.46 550.43 3.66
20342.18 8.46 545.00 3.45
20358.62 8.59 538.31 6.53
20375.18 8.46 534.81 8.90
20391.56 8.53 534.81 5.80
20407.87 8.46 532.12 4.94
20424.18 8.46 528.25 2.82
20440.56 8.53 527.43 2.62
20457.12 8.53 524.25 6.27
20473.56 8.53 519.93 3.93
20489.87 8.46 520.18 2.30
20506.18 8.46 518.18 8.68
20522.56 8.53 520.12 13.02
20538.93 8.52 510.93 11.65
20555.56 8.53 519.18 12.63
20571.87 8.46 509.56 17.20
20588.18 8.46 515.68 10.49
20604.56 8.53 515.93 11.74
20620.87 8.46 504.43 37.81
20637.43 8.63 513.75 4.04
20653.87 8.46 509.43 16.73
20670.18 8.46 514.00 5.00
20686.56 8.53 515.56 4.28
20702.87 8.46 516.81 6.33
20719.31 8.66 518.68 4.49
20735.81 8.54 519.37 6.28
20752.18 8.46 524.00 5.95
20768.56 8.53 523.68 5.11
20784.87 8.46 526.50 10.82
20801.25 8.64 522.25 14.90
20817.68 8.57 531.56 4.83
20834.18 8.46 534.18 6.60
20850.56 8.53 536.06 10.09
20866.87 8.46 540.12 6.83
20883.18 8.46 540.68 15.56
20899.56 8.53 546.37 7.31
20916.18 8.46 552.12 5.59
20932.56 8.53 555.18 5.93
20948.87 8.46 559.25 5.55
20965.18 8.46 562.81 9.37
20981.56 8.53 570.06 9.88
20998.00 8.54 571.75 8.69
21014.56 8.53 578.43 4.91
21030.87 8.46 585.06 6.35
21047.18 8.46 591.37 12.86
21063.56 8.53 594.00 11.28
21079.87 8.46 596.18 17.93
21096.50 8.61 600.87 6.64
21112.87 8.46 605.06 10.33
21129.18 8.46 607.43 17.83
21145.56 8.53 618.06 6.37
21161.87 8.46 621.87 6.15
21178.31 8.66 627.75 5.97
21194.87 8.46 631.81 6.10
21211.18 8.46 637.31 4.75
21227.56 8.53 642.50 5.84
21243.87 8.46 646.00 5.56
21260.25 8.64 655.12 8.01
21276.75 8.57 655.93 9.28
21293.18 8.46 661.00 6.20
21309.56 8.53 667.25 16.29
21325.87 8.46 666.75 14.58
21342.18 8.46 678.06 13.03
21358.62 8.59 674.12 23.27
21375.18 8.46 683.06 8.86
21391.56 8.53 684.18 17.79
21407.87 8.46 700.62 35.41
21424.18 8.46 696.18 4.08
21440.56 8.53 700.06 3.11
21457.12 8.53 702.06 6.53
21473.56 8.53 705.81 7.48
21489.87 8.46 711.37 5.74
21506.18 8.46 714.50 11.10
21522.56 8.53 714.93 2.93
21538.93 8.52 719.62 4.66
21555.56 8.53 716.43 20.54
21571.87 8.46 725.56 8.64
21588.18 8.46 727.81 10.44
21604.56 8.53 714.31 33.19
21620.87 8.46 727.37 5.49
21637.43 8.63 724.93 18.46
21653.87 8.46 729.18 6.21
21670.18 8.46 731.25 4.13
21686.56 8.53 731.62 4.89
21702.87 8.46 731.93 5.77
21719.31 8.66 732.56 4.54
21735.81 8.54 733.56 4.32
21752.18 8.46 730.00 5.60
21768.56 8.53 731.75 4.75
21784.87 8.46 729.87 5.77
21801.25 8.64 727.25 11.96
21817.68 8.57 729.00 4.20
21834.18 8.46 731.18 28.23
21850.56 8.53 725.56 12.05
21866.87 8.46 726.06 7.36
21883.18 8.46 721.31 34.03
21899.56 8.53 718.81 7.63
21916.18 8.46 718.06 4.92
21932.56 8.53 715.75 6.82
21948.87 8.46 711.18 8.04
21965.18 8.46 710.37 7.28
21981.56 8.53 707.12 7.91
21998.00 8.54 703.81 7.25
22014.56 8.53 700.37 6.41
22030.87 8.46 700.81 9.70
22047.18 8.46 692.68 7.36
22063.56 8.53 693.00 13.15
22079.87 8.46 684.12 17.11
22096.50 8.61 680.87 5.70
22112.87 8.46 667.25 32.01
22129.18 8.46 665.93 23.11
22145.56 8.53 667.50 6.09
22161.87 8.46 663.62 5.47
22178.31 8.66 657.18 7.28
22194.87 8.46 654.93 6.29
22211.18 8.46 649.81 4.76
22227.56 8.53 644.06 7.56
22243.87 8.46 639.68 5.40
22260.25 8.64 635.06 7.15
22276.75 8.57 626.68 16.93
22293.18 8.46 625.31 5.14
22309.56 8.53 625.00 13.80
22325.87 8.46 608.93 21.62
22342.18 8.46 610.75 6.02
22358.62 8.59 600.18 35.34
22375.18 8.46 600.00 9.09
22391.56 8.53 600.93 17.00
22407.87 8.46 591.31 5.48
22424.18 8.46 587.81 3.88
22440.56 8.53 583.50 3.71
22457.12 8.53 581.06 2.61
22473.56 8.53 574.81 4.14
22489.87 8.46 572.06 4.29
22506.18 8.46 566.62 17.10
22522.56 8.53 564.37 6.18
22538.93 8.52 561.68 4.00
22555.56 8.53 559.75 17.12
22571.87 8.46 550.68 10.61
22588.18 8.46 544.06 17.15
22604.56 8.53 552.68 15.82
22620.87 8.46 536.93 31.08
22637.43 8.63 543.25 3.58
22653.87 8.46 540.68 5.47
22670.18 8.46 536.81 2.98
22686.56 8.53 535.43 4.31
22702.87 8.46 533.43 3.04
22719.31 8.66 531.06 2.58
22735.81 8.54 531.31 4.66
22752.18 8.46 529.00 4.20
22768.56 8.53 528.25 6.11
22784.87 8.46 523.18 17.15
22801.25 8.64 522.31 16.72
22817.68 8.57 522.00 16.01
22834.18 8.46 526.68 12.89
22850.56 8.53 520.56 35.81
22866.87 8.46 527.87 9.18
22883.18 8.46 523.43 16.03
22899.56 8.53 526.68 5.04
22916.18 8.46 527.62 4.71
22932.56 8.53 527.81 4.84
22948.87 8.46 529.62 5.25
22965.18 8.46 532.87 7.68
22981.56 8.53 531.62 5.13
22998.00 8.54 534.43 7.98
23014.56 8.53 536.18 7.19
23030.87 8.46 543.06 16.99
23047.18 8.46 539.31 9.21
23063.56 8.53 540.93 12.06
23079.87 8.46 549.25 46.57
23096.50 8.61 553.06 15.01
23112.87 8.46 549.93 12.56
23129.18 8.46 561.37 12.86
23145.56 8.53 560.00 5.90
23161.87 8.46 564.37 7.97
23178.31 8.66 566.43 5.70
23194.87 8.46 572.56 7.07
23211.18 8.46 576.43 7.21
23227.56 8.53 579.75 6.90
23243.87 8.46 581.25 5.97
23260.25 8.64 586.81 22.86
23276.75 8.57 593.31 9.34
23293.18 8.46 592.25 13.27
23309.56 8.53 595.37 20.54
23325.87 8.46 609.56 15.30
23342.18 8.46 604.62 18.48
23358.62 8.59 613.00 24.18
23375.18 8.46 615.25 15.40
23391.56 8.53 624.81 11.46
23407.87 8.46 630.56 12.78
23424.18 8.46 632.37 5.63
23440.56 8.53 636.06 5.18
23457.12 8.53 641.68 7.31
23473.56 8.53 648.12 7.96
23489.87 8.46 649.31 5.22
23506.18 8.46 652.62 18.74
23522.56 8.53 660.00 10.14
23538.93 8.52 665.31 12.25
23555.56 8.53 661.43 21.13
23571.87 8.46 673.18 13.24
23588.18 8.46 670.25 11.68
23604.56 8.53 682.81 33.34
23620.87 8.46 681.25 2.90
23637.43 8.63 690.31 14.54
23653.87 8.46 686.00 5.37
23670.18 8.46 692.87 3.59
23686.56 8.53 695.00 4.14
23702.87 8.46 699.37 8.45
23719.31 8.66 700.12 3.84
23735.81 8.54 704.93 6.34
23752.18 8.46 707.68 9.82
23768.56 8.53 707.62 5.81
23784.87 8.46 713.50 19.32
23801.25 8.64 706.68 14.46
23817.68 8.57 714.81 3.78
23834.18 8.46 715.18 25.57
23850.56 8.53 715.62 20.45
23866.87 8.46 716.25 7.65
23883.18 8.46 713.75 19.23
23899.56 8.53 716.50 16.50
23916.18 8.46 721.00 5.43
23932.56 8.53 721.43 5.77
23948.87 8.46 720.87 5.88
23965.18 8.46 720.18 4.77
23981.56 8.53 725.25 11.75
23998.00 8.54 723.06 8.01
24014.56 8.53 718.12 19.54
24030.87 8.46 714.81 18.73
24047.18 8.46 720.56 8.85
24063.56 8.53 720.56 11.74
24079.87 8.46 714.37 26.03
24096.50 8.61 713.81 7.21
24112.87 8.46 718.12 20.80
24129.18 8.46 709.00 24.63
24145.56 8.53 708.37 5.86
24161.87 8.46 706.62 6.30
24178.31 8.66 704.31 8.58
24194.87 8.46 703.31 6.98
24211.18 8.46 697.87 7.72
24227.56 8.53 695.68 10.86
24243.87 8.46 692.31 7.00
24260.25 8.64 686.68 9.07
24276.75 8.57 686.56 11.49
24293.18 8.46 677.56 19.85
24309.56 8.53 683.43 16.36
24325.87 8.46 680.25 13.75
24342.18 8.46 672.87 9.38
24358.62 8.59 662.25 31.24
24375.18 8.46 662.00 26.08
24391.56 8.53 658.93 6.91
24407.87 8.46 649.68 25.34
24424.18 8.46 652.81 5.38
24440.56 8.53 646.43 6.01
24457.12 8.53 642.18 9.01
24473.56 8.53 638.31 5.30
24489.87 8.46 633.31 5.11
24506.18 8.46 633.81 23.06
24522.56 8.53 620.31 18.36
24538.93 8.52 624.68 16.96
24555.56 8.53 606.87 35.19
24571.87 8.46 609.06 8.44
24588.18 8.46 607.31 12.37
24604.56 8.53 597.56 20.21
24620.87 8.46 599.93 34.06
24637.43 8.63 593.06 11.74
24653.87 8.46 592.93 4.26
24670.18 8.46 587.93 2.54
24686.56 8.53 584.06 3.19
24702.87 8.46 582.81 8.71
24719.31 8.66 578.50 4.95
24735.81 8.54 572.68 3.75
24752.18 8.46 568.37 4.65
24768.56 8.53 566.93 3.75
24784.87 8.46 564.56 23.71
24801.25 8.64 570.31 29.78
24817.68 8.57 558.56 4.37
24834.18 8.46 566.00 19.25
24850.56 8.53 562.12 24.99
24866.87 8.46 548.62 10.88
24883.18 8.46 546.18 17.47
24899.56 8.53 543.31 11.96
24916.18 8.46 544.93 5.64
24932.56 8.53 545.00 6.84
24948.87 8.46 542.43 8.23
24965.18 8.46 541.12 4.87
24981.56 8.53 540.43 7.82
24998.00 8.54 536.06 5.44
25014.56 8.53 536.56 4.50
25030.87 8.46 536.68 29.88
25047.18 8.46 538.25 6.45
25063.56 8.53 533.68 10.11
25079.87 8.46 535.31 18.57
25096.50 8.61 540.18 11.95
25112.87 8.46 544.31 19.58
25129.18 8.46 548.31 22.98
25145.56 8.53 580.06 18.18
25161.87 8.46 607.87 11.05
25178.31 8.66 630.37 14.29
25194.87 8.46 643.68 7.87
25211.18 8.46 657.31 6.16
25227.56 8.53 670.06 6.53
25243.87 8.46 678.25 6.43
25260.25 8.64 693.68 20.82
25276.75 8.57 689.81 16.16
25293.18 8.46 706.12 23.77
25309.56 8.53 704.12 22.62
25325.87 8.46 716.25 15.48
25342.18 8.46 714.06 5.81
25358.62 8.59 712.75 21.88
25375.18 8.46 724.87 13.80
25391.56 8.53 724.12 7.81
25407.87 8.46 732.75 10.17
25424.18 8.46 730.18 3.50
25440.56 8.53 735.00 5.02
25457.12 8.53 734.87 3.62
25473.56 8.53 737.12 2.98
25489.87 8.46 738.00 3.99
25506.18 8.46 736.37 15.67
25522.56 8.53 738.37 8.04
25538.93 8.52 736.87 5.95
25555.56 8.53 734.50 17.23
25571.87 8.46 735.31 15.59
25588.18 8.46 737.93 4.44
25604.56 8.53 735.00 21.90
25620.87 8.46 737.31 19.01
25637.43 8.63 733.81 9.17
25653.87 8.46 734.68 5.13
25670.18 8.46 733.50 2.72
25686.56 8.53 730.93 3.75
25702.87 8.46 729.62 6.81
25719.31 8.66 728.37 3.02
25735.81 8.54 725.50 5.30
25752.18 8.46 725.87 3.43
25768.56 8.53 725.18 7.44
25784.87 8.46 729.06 32.21
25801.25 8.64 727.50 24.76
25817.68 8.57 716.87 2.45
25834.18 8.46 706.37 20.49
25850.56 8.53 706.25 25.94
25866.87 8.46 708.37 9.58
25883.18 8.46 705.68 10.91
25899.56 8.53 706.18 3.78
25916.18 8.46 704.81 3.41
25932.56 8.53 701.68 5.73
25948.87 8.46 699.37 5.28
25965.18 8.46 697.25 3.40
25981.56 8.53 688.81 24.73
25998.00 8.54 694.00 8.28
26014.56 8.53 683.18 32.45
26030.87 8.46 697.25 23.52
26047.18 8.46 688.37 4.62
26063.56 8.53 684.12 9.77
26079.87 8.46 691.81 20.18
26096.50 8.61 686.43 6.76
26112.87 8.46 676.75 14.62
26129.18 8.46 680.50 13.36
26145.56 8.53 678.93 3.49
26161.87 8.46 679.06 4.85
26178.31 8.66 677.81 6.15
26194.87 8.46 676.06 1.92
26211.18 8.46 673.68 5.49
26227.56 8.53 674.37 6.30
26243.87 8.46 673.25 3.21
26260.25 8.64 677.56 17.94
26276.75 8.57 674.31 8.41
26293.18 8.46 664.00 18.54
26309.56 8.53 672.81 14.49
26325.87 8.46 667.75 12.39
26342.18 8.46 666.93 4.05
26358.62 8.59 666.56 20.82
26375.18 8.46 671.25 15.93
26391.56 8.53 664.87 2.76
26407.87 8.46 674.62 39.17
26424.18 8.46 663.18 4.23
26440.56 8.53 663.18 2.58
26457.12 8.53 665.06 4.63
26473.56 8.53 660.81 5.73
26489.87 8.46 668.81 29.19
26506.18 8.46 661.68 6.79
26522.56 8.53 665.62 28.90
26538.93 8.52 655.87 17.63
26555.56 8.53 654.37 19.83
26571.87 8.46 658.87 2.12
26588.18 8.46 659.18 16.84
26604.56 8.53 659.56 17.43
26620.87 8.46 647.06 30.98
26637.43 8.63 658.56 2.57
26653.87 8.46 656.00 5.77
26670.18 8.46 656.81 4.17
26686.56 8.53 657.00 2.42
26702.87 8.46 658.56 4.18
26719.31 8.66 655.18 6.39
26735.81 8.54 656.50 3.97
26752.18 8.46 656.25 4.51
26768.56 8.53 654.68 3.27
26784.87 8.46 657.25 6.63
26801.25 8.64 656.25 6.39
26817.68 8.57 657.00 9.82
26834.18 8.46 658.50 16.62
26850.56 8.53 649.87 14.15
26866.87 8.46 651.81 3.34
26883.18 8.46 652.56 5.57
26899.56 8.53 657.87 21.48
26916.18 8.46 652.43 3.74
26932.56 8.53 650.62 4.50
26948.87 8.46 654.00 4.66
26965.18 8.46 650.81 4.32
26981.56 8.53 649.50 6.37
26998.00 8.54 649.87 4.71
27014.56 8.53 648.87 9.82
27030.87 8.46 654.06 7.29
27047.18 8.46 648.43 2.76
27063.56 8.53 648.12 14.07
27079.87 8.46 654.12 13.37
27096.50 8.61 647.50 11.04
27112.87 8.46 650.62 12.08
27129.18 8.46 643.06 13.78
27145.56 8.53 649.06 3.17
27161.87 8.46 648.75 5.72
27178.31 8.66 648.50 8.57
27194.87 8.46 648.87 3.35
27211.18 8.46 648.12 3.51
27227.56 8.53 646.06 4.38
27243.87 8.46 647.25 4.35
27260.25 8.64 649.00 11.16
27276.75 8.57 653.87 21.82
27293.18 8.46 647.75 3.73
27309.56 8.53 648.37 8.27
27325.87 8.46 643.18 16.97
27342.18 8.46 648.43 10.80
27358.62 8.59 646.00 7.13
27375.18 8.46 655.56 33.43
27391.56 8.53 646.18 3.88
27407.87 8.46 653.00 23.96
27424.18 8.46 644.25 9.90
27440.56 8.53 645.93 2.82
27457.12 8.53 645.56 3.64
27473.56 8.53 647.12 6.02
27489.87 8.46 645.81 6.42
27506.18 8.46 646.43 2.87
27522.56 8.53 644.18 6.72
27538.93 8.52 645.93 2.44
27555.56 8.53 645.75 14.93
27571.87 8.46 644.18 2.72
27588.18 8.46 645.31 15.20
27604.56 8.53 652.62 37.99
27620.87 8.46 642.81 6.99
27637.43 8.63 644.43 1.84
27653.87 8.46 644.93 35.13
27670.18 8.46 644.50 2.50
27686.56 8.53 642.68 5.60
27702.87 8.46 646.31 2.71
27719.31 8.66 644.31 2.05
27735.81 8.54 644.12 3.12
27752.18 8.46 644.37 4.14
27768.56 8.53 644.18 2.65
27784.87 8.46 646.31 7.87
27801.25 8.64 647.31 11.43
27817.68 8.57 645.93 9.63
27834.18 8.46 638.56 17.83
27850.56 8.53 639.43 21.95
27866.87 8.46 646.81 14.91
27883.18 8.46 640.81 5.61
27899.56 8.53 639.81 12.90
27916.18 8.46 650.75 28.02
27932.56 8.53 643.31 3.87
27948.87 8.46 643.68 2.95
27965.18 8.46 644.06 5.57
27981.56 8.53 641.25 9.12
27998.00 8.54 642.62 3.50
28014.56 8.53 644.06 4.63
28030.87 8.46 640.31 4.88
28047.18 8.46 639.37 11.52
28063.56 8.53 642.75 2.82
28079.87 8.46 639.93 16.11
28096.50 8.61 638.31 8.61
28112.87 8.46 645.56 14.86
28129.18 8.46 652.31 35.29
28145.56 8.53 640.43 7.08
28161.87 8.46 649.87 30.36
28178.31 8.66 637.31 14.12
28194.87 8.46 641.43 2.78
28211.18 8.46 642.62 5.82
28227.56 8.53 641.50 4.70
28243.87 8.46 641.31 2.42
28260.25 8.64 637.62 19.72
28276.75 8.57 641.50 6.01
28293.18 8.46 638.87 9.66
28309.56 8.53 640.18 9.54
28325.87 8.46 641.62 13.26
28342.18 8.46 638.18 8.62
28358.62 8.59 637.06 13.38
28375.18 8.46 627.68 37.31
28391.56 8.53 639.56 3.28
28407.87 8.46 638.37 31.08
28424.18 8.46 642.43 11.23
28440.56 8.53 639.93 4.42
28457.12 8.53 641.43 4.09
28473.56 8.53 641.12 5.64
28489.87 8.46 641.68 3.60
28506.18 8.46 638.00 6.20
28522.56 8.53 639.93 4.10
28538.93 8.52 639.68 3.58
28555.56 8.53 642.25 18.40
28571.87 8.46 641.43 3.16
28588.18 8.46 642.87 11.11
28604.56 8.53 629.06 45.01
28620.87 8.46 638.12 11.48
28637.43 8.63 639.68 2.47
28653.87 8.46 631.31 28.82
28670.18 8.46 639.18 5.09
28686.56 8.53 640.18 2.01
28702.87 8.46 640.93 4.54
28719.31 8.66 640.68 2.26
28735.81 8.54 638.31 4.38
28752.18 8.46 637.43 5.66
28768.56 8.53 638.68 2.26
28784.87 8.46 633.12 21.40
28801.25 8.64 633.50 15.20
28817.68 8.57 630.75 31.31
28834.18 8.46 634.43 16.86
28850.56 8.53 638.37 16.32
28866.87 8.46 637.75 3.81
28883.18 8.46 647.18 29.04
28899.56 8.53 638.12 6.19
28916.18 8.46 637.25 6.83
28932.56 8.53 637.37 5.11
28948.87 8.46 637.43 4.03
28965.18 8.46 639.06 1.95
28981.56 8.53 636.56 4.50
28998.00 8.54 638.87 3.42
29014.56 8.53 638.37 2.78
29030.87 8.46 639.75 13.58
29047.18 8.46 640.87 7.83
29063.56 8.53 639.25 5.48
29079.87 8.46 636.81 16.52
29096.50 8.61 635.62 9.97
29112.87 8.46 639.31 4.75
29129.18 8.46 634.25 19.38
29145.56 8.53 638.25 5.27
29161.87 8.46 629.43 31.47
29178.31 8.66 638.81 5.32
29194.87 8.46 637.87 1.96
29211.18 8.46 639.50 2.24
29227.56 8.53 638.00 3.30
29243.87 8.46 638.56 3.00
29260.25 8.64 641.00 8.02
29276.75 8.57 635.62 26.77
29293.18 8.46 643.87 22.38
29309.56 8.53 637.68 11.15
29325.87 8.46 633.06 18.39
29342.18 8.46 637.37 2.91
29358.62 8.59 639.12 6.84
29375.18 8.46 639.31 12.61
29391.56 8.53 637.25 2.46
29407.87 8.46 638.43 14.73
29424.18 8.46 637.93 3.38
29440.56 8.53 637.06 2.51
29457.12 8.53 637.18 4.13
29473.56 8.53 638.06 2.99
29489.87 8.46 638.81 2.85
29506.18 8.46 630.62 21.64
29522.56 8.53 638.00 3.57
29538.93 8.52 634.31 13.91
29555.56 8.53 640.31 22.36
29571.87 8.46 640.00 11.33
29588.18 8.46 638.62 14.44
29604.56 8.53 638.81 10.79
29620.87 8.46 633.31 16.58
29637.43 8.63 636.62 3.69
29653.87 8.46 639.18 13.46
29670.18 8.46 636.87 2.45
29686.56 8.53 638.75 4.53
29702.87 8.46 637.31 2.52
29719.31 8.66 638.18 2.27
29735.81 8.54 637.43 3.37
29752.18 8.46 639.31 5.24
29768.56 8.53 636.81 2.53
29784.87 8.46 644.37 16.03
29801.25 8.64 638.12 25.13
29817.68 8.57 636.43 11.14
29834.18 8.46 636.81 14.64
29850.56 8.53 639.75 11.70
29866.87 8.46 640.37 11.71
29883.18 8.46 630.50 40.28
29899.56 8.53 637.50 6.68
29916.18 8.46 640.37 12.00
29932.56 8.53 636.62 2.60
29948.87 8.46 636.93 3.78
29965.18 8.46 637.25 1.71
29981.56 8.53 636.50 3.81
29998.00 8.54 636.31 2.52
30014.56 8.53 631.25 22.06
30030.87 8.46 634.56 27.55
30047.18 8.46 633.50 9.92
30063.56 8.53 637.00 2.62
30079.87 8.46 636.43 22.57
30096.50 8.61 634.12 14.19
30112.87 8.46 637.12 6.13
30129.18 8.46 636.37 8.42
30145.56 8.53 638.18 2.72
30161.87 8.46 641.37 11.80
30178.31 8.66 636.12 3.22
30194.87 8.46 637.06 2.56
30211.18 8.46 638.18 2.60
30227.56 8.53 637.50 4.11
30243.87 8.46 636.81 3.07
30260.25 8.64 636.50 31.68
30276.75 8.57 634.87 4.26
30293.18 8.46 638.06 2.90
30309.56 8.53 631.81 20.27
30325.87 8.46 638.43 5.78
30342.18 8.46 637.18 1.88
30358.62 8.59 633.12 15.87
30375.18 8.46 631.50 17.17
30391.56 8.53 636.06 2.75
30407.87 8.46 638.81 10.09
30424.18 8.46 635.93 3.31
30440.56 8.53 635.37 2.37
30457.12 8.53 636.68 2.97
30473.56 8.53 637.25 3.17
30489.87 8.46 636.31 3.40
30506.18 8.46 635.68 5.84
30522.56 8.53 640.00 9.62
30538.93 8.52 638.62 13.98
30555.56 8.53 631.93 13.41
30571.87 8.46 638.50 8.82
30588.18 8.46 634.68 9.80
30604.56 8.53 628.81 19.61
30620.87 8.46 635.43 5.00
30637.43 8.63 636.81 2.16
30653.87 8.46 637.75 4.01
30670.18 8.46 636.37 2.20
30686.56 8.53 637.50 2.21
30702.87 8.46 636.56 2.92
30719.31 8.66 636.93 3.38
30735.81 8.54 636.43 3.57
30752.18 8.46 636.81 2.63
30768.56 8.53 635.93 1.95
30784.87 8.46 629.43 20.02
30801.25 8.64 637.12 8.61
30817.68 8.57 635.00 3.32
30834.18 8.46 634.68 26.86
30850.56 8.53 634.25 9.88
30866.87 8.46 635.00 7.96
30883.18 8.46 636.56 3.71
30899.56 8.53 637.43 3.46
30916.18 8.46 634.81 4.30
30932.56 8.53 636.81 2.74
30948.87 8.46 636.25 2.95
30965.18 8.46 635.68 2.08
30981.56 8.53 632.06 18.89
30998.00 8.54 636.62 2.91
31014.56 8.53 633.50 11.27
31030.87 8.46 638.62 9.23
31047.18 8.46 637.00 3.76
31063.56 8.53 634.06 5.36
31079.87 8.46 634.25 12.01
31096.50 8.61 635.75 2.79
31112.87 8.46 636.75 3.07
31129.18 8.46 641.31 15.49
31145.56 8.53 637.37 3.24
31161.87 8.46 636.75 3.47
31178.31 8.66 637.06 6.41
31194.87 8.46 635.87 2.47
31211.18 8.46 636.87 2.71
31227.56 8.53 636.06 3.49
31243.87 8.46 636.93 2.36
31260.25 8.64 635.81 4.60
31276.75 8.57 637.68 8.61
31293.18 8.46 636.93 3.88
31309.56 8.53 641.62 13.36
31325.87 8.46 638.43 12.96
31342.18 8.46 636.56 1.84
31358.62 8.59 640.56 14.07
31375.18 8.46 639.56 12.30
31391.56 8.53 637.06 5.13
31407.87 8.46 637.62 3.93
31424.18 8.46 628.43 32.72
31440.56 8.53 634.87 2.31
31457.12 8.53 636.56 3.32
31473.56 8.53 636.37 2.98
31489.87 8.46 637.00 2.71
31506.18 8.46 638.56 6.94
31522.56 8.53 632.31 13.33
31538.93 8.52 638.81 9.50
31555.56 8.53 635.56 13.82
31571.87 8.46 636.68 3.50
31588.18 8.46 640.68 15.33
31604.56 8.53 633.00 4.94
31620.87 8.46 634.75 4.38
31637.43 8.63 636.62 2.06
31653.87 8.46 640.06 20.84
31670.18 8.46 635.68 2.62
31686.56 8.53 636.75 4.18
31702.87 8.46 635.50 2.67
31719.31 8.66 636.56 3.64
31735.81 8.54 636.25 3.17
31752.18 8.46 635.50 4.20
31768.56 8.53 635.81 2.32
31784.87 8.46 639.31 6.49
31801.25 8.64 635.00 7.90
31817.68 8.57 634.43 4.17
31834.18 8.46 636.18 14.39
31850.56 8.53 638.00 9.19
31866.87 8.46 633.25 11.15
31883.18 8.46 631.31 17.00
31899.56 8.53 643.18 24.81
31916.18 8.46 636.81 2.48
31932.56 8.53 635.43 2.60
31948.87 8.46 635.06 2.11
31965.18 8.46 636.81 2.92
31981.56 8.53 634.68 4.53
31998.00 8.54 635.62 2.62
32014.56 8.53 635.87 3.67
32030.87 8.46 636.12 8.98
32047.18 8.46 637.62 5.97
32063.56 8.53 634.87 3.18
32079.87 8.46 628.93 16.61
32096.50 8.61 639.56 14.70
32112.87 8.46 631.50 15.56
32129.18 8.46 638.75 4.37
32145.56 8.53 644.18 32.46
32161.87 8.46 635.50 2.18
32178.31 8.66 643.43 23.87
32194.87 8.46 635.18 2.83
32211.18 8.46 636.12 2.78
32227.56 8.53 636.81 3.73
32243.87 8.46 635.93 1.98
32260.25 8.64 637.31 8.20
32276.75 8.57 637.43 5.62
32293.18 8.46 637.06 7.46
32309.56 8.53 631.18 9.29
32325.87 8.46 635.75 18.74
32342.18 8.46 639.06 11.88
32358.62 8.59 640.50 9.53
32375.18 8.46 630.68 27.53
32391.56 8.53 635.62 2.29
32407.87 8.46 629.00 34.97
32424.18 8.46 635.81 7.04
32440.56 8.53 636.56 2.03
32457.12 8.53 635.81 3.94
32473.56 8.53 637.56 2.81
32489.87 8.46 634.87 3.95
32506.18 8.46 636.06 4.70
32522.56 8.53 635.68 5.69
32538.93 8.52 635.12 6.77
32555.56 8.53 634.93 10.07
32571.87 8.46 636.87 2.42
32588.18 8.46 638.37 14.81
32604.56 8.53 634.81 22.54
32620.87 8.46 636.18 3.49
32637.43 8.63 637.87 5.35
32653.87 8.46 624.81 32.97
32670.18 8.46 636.43 2.29
32686.56 8.53 637.06 2.41
32702.87 8.46 638.00 2.29
32719.31 8.66 634.81 2.65
32735.81 8.54 636.62 3.26
32752.18 8.46 636.81 5.00
32768.56 8.53 635.06 2.25
32784.87 8.46 634.00 7.19
32801.25 8.64 641.37 15.16
32817.68 8.57 635.25 2.25
32834.18 8.46 629.68 16.07
32850.56 8.53 636.00 20.64
32866.87 8.46 639.25 13.45
32883.18 8.46 645.87 37.57
32899.56 8.53 632.62 12.06
32916.18 8.46 644.12 31.31
32932.56 8.53 636.06 2.30
32948.87 8.46 634.93 2.68
32965.18 8.46 636.12 3.42
32981.56 8.53 634.06 7.80
32998.00 8.54 635.37 5.01
33014.56 8.53 636.81 6.31
33030.87 8.46 635.87 3.82
33047.18 8.46 636.31 4.21
33063.56 8.53 637.00 6.38
33079.87 8.46 636.75 21.69
33096.50 8.61 635.18 2.77
33112.87 8.46 637.12 2.67
33129.18 8.46 652.31 40.93
33145.56 8.53 632.18 12.16
33161.87 8.46 627.81 30.24
33178.31 8.66 633.37 12.63
33194.87 8.46 636.81 1.88
33211.18 8.46 636.93 3.23
33227.56 8.53 635.43 4.95
33243.87 8.46 635.75 2.93
33260.25 8.64 636.68 4.77
33276.75 8.57 635.31 10.92
33293.18 8.46 636.62 1.90
33309.56 8.53 635.87 3.46
33325.87 8.46 631.37 25.24
33342.18 8.46 637.50 5.96
33358.62 8.59 639.12 16.63
33375.18 8.46 640.62 13.82
33391.56 8.53 635.12 2.67
33407.87 8.46 632.50 11.96
33424.18 8.46 641.31 21.93
33440.56 8.53 637.81 4.59
33457.12 8.53 634.50 5.28
33473.56 8.53 635.87 3.72
33489.87 8.46 635.93 2.63
33506.18 8.46 637.25 11.43
33522.56 8.53 639.06 6.83
33538.93 8.52 636.75 6.40
33555.56 8.53 637.93 20.24
33571.87 8.46 633.68 6.24
