2.00 0.25 601.81 50.68
20.50 8.91 622.43 12.52
37.06 9.03 610.75 10.73
53.31 8.95 597.50 10.27
69.56 8.90 584.62 9.80
86.31 8.95 573.18 9.81
102.56 8.90 558.50 9.31
119.00 9.05 546.75 8.07
135.37 8.94 537.87 16.32
151.62 8.89 521.06 9.88
168.31 8.96 509.37 7.66
184.56 8.90 496.68 18.65
201.43 9.11 491.43 21.81
217.81 8.99 471.68 7.41
234.00 8.94 461.25 24.89
250.75 9.01 452.12 12.24
266.93 8.95 439.00 6.88
283.25 9.17 424.56 13.91
299.87 8.97 418.68 10.23
316.12 8.91 405.75 6.92
332.81 8.99 398.25 15.73
349.00 8.94 380.37 18.38
365.18 8.94 376.87 5.77
381.93 8.95 367.56 15.10
398.18 8.89 360.68 9.25
414.75 9.02 348.31 6.63
431.00 8.94 338.68 8.49
447.31 8.91 331.12 4.40
463.93 8.95 324.37 5.81
480.43 8.87 311.06 17.79
497.06 8.97 309.25 5.09
513.18 8.92 304.87 12.89
529.62 8.87 297.93 16.01
546.18 8.92 289.06 5.62
562.43 8.87 282.87 7.15
578.93 9.02 282.50 16.82
595.25 8.90 273.81 4.79
611.68 8.85 263.62 19.62
628.31 8.88 265.37 7.15
644.56 8.83 259.75 4.28
661.00 9.00 258.12 7.25
677.37 8.86 257.75 15.37
693.75 8.78 251.68 3.18
710.37 8.86 248.50 19.74
726.56 8.81 247.18 3.19
743.06 8.99 246.62 3.60
759.56 8.81 241.62 10.21
775.81 8.75 244.06 10.41
792.50 8.82 245.31 3.55
808.68 8.76 246.25 19.82
825.25 8.66 245.25 3.67
841.62 8.79 245.81 3.47
857.93 8.71 244.81 16.78
874.56 8.81 254.50 10.39
890.81 8.73 252.00 3.55
907.43 8.59 267.31 38.69
923.81 8.73 257.68 4.22
940.00 8.69 260.50 3.62
957.12 8.70 271.75 16.39
973.31 8.68 271.68 5.69
989.68 8.61 273.31 3.83
1006.25 8.65 276.62 11.18
1022.56 8.87 283.68 3.08
1039.12 8.96 290.25 3.25
1055.50 8.87 303.75 31.46
1071.81 8.82 302.31 3.10
1088.25 8.91 308.93 3.60
1104.62 8.84 320.43 12.87
1121.25 8.92 323.37 4.67
1137.50 8.87 331.25 4.94
1153.75 8.80 340.31 15.97
1170.31 8.89 346.81 4.70
1186.68 8.89 356.87 4.40
1203.31 8.94 365.81 6.83
1219.56 8.90 374.31 5.28
1235.81 8.87 382.87 4.25
1252.43 8.94 394.37 6.28
1268.68 8.89 403.81 5.69
1285.31 8.94 418.18 14.52
1301.62 8.88 419.00 19.97
1317.87 8.85 435.18 9.92
1334.50 8.92 443.12 10.20
1350.75 8.87 457.87 11.48
1367.31 8.94 466.81 5.67
1383.62 8.88 478.62 25.98
1400.00 8.81 488.62 6.08
1416.56 8.90 500.81 5.03
1432.81 8.85 509.75 17.06
1449.12 9.02 517.00 36.23
1465.62 8.88 536.00 6.00
1482.43 8.97 541.31 17.48
1498.93 9.06 559.75 7.18
1515.31 9.01 571.68 5.63
1531.50 8.94 585.25 8.13
1548.06 9.08 596.00 4.60
1564.37 8.99 608.31 6.18
1581.06 9.01 622.31 21.64
1597.31 9.01 632.56 7.00
1613.56 8.91 644.81 5.68
1630.12 9.05 658.75 16.07
1646.43 8.96 668.06 6.15
1663.06 8.96 680.81 7.24
1679.37 8.95 688.93 17.71
1695.68 8.86 704.43 5.17
1712.18 9.03 715.68 6.43
1728.56 8.91 732.43 12.33
1745.06 8.96 739.12 6.64
1761.50 8.90 750.37 6.23
1777.87 8.79 761.93 6.22
1794.31 8.98 773.68 5.76
1810.68 8.85 786.25 8.75
1827.12 8.94 797.25 11.52
1843.50 8.90 805.75 7.85
1859.93 8.76 813.87 19.18
1876.37 8.88 822.31 23.08
1892.75 8.83 834.37 4.01
1909.37 8.87 843.62 15.09
1925.81 8.80 851.37 10.86
1942.18 8.70 862.56 5.60
1958.62 8.84 881.68 20.34
1975.00 8.79 884.18 10.40
1991.37 8.65 888.37 5.28
2007.93 9.04 897.18 11.04
2024.31 8.93 904.31 20.80
2040.75 9.04 911.75 4.52
2057.12 8.99 914.18 20.56
2073.56 9.08 925.43 4.87
2089.93 9.04 932.12 4.01
2106.25 8.96 940.56 16.21
2122.75 9.00 944.00 3.81
2139.18 8.97 949.25 3.44
2155.68 9.03 945.43 33.13
2172.00 9.01 959.31 5.57
2188.37 9.01 963.68 3.18
2204.81 9.08 967.00 7.26
2221.31 9.02 972.37 3.06
2237.81 9.08 975.31 3.51
2254.00 9.12 968.12 42.56
2270.37 9.01 980.31 5.19
2286.81 9.08 982.62 3.08
2303.37 8.99 975.12 31.42
2319.62 8.91 986.00 3.89
2335.93 9.02 976.25 29.55
2352.43 8.97 986.75 5.62
2368.87 9.05 987.37 2.52
2385.43 8.96 977.75 26.28
2401.68 8.88 992.62 42.50
2418.00 9.00 983.75 2.49
2434.50 8.94 992.06 20.59
2450.93 9.03 982.31 18.05
2467.31 9.06 979.93 3.67
2483.81 8.97 983.12 15.92
2500.12 9.08 973.87 10.75
2516.56 8.98 971.87 2.96
2533.06 9.11 974.43 23.76
2549.31 9.06 964.93 5.21
2565.75 9.00 959.62 3.16
2582.12 9.08 954.00 11.42
2598.56 8.98 949.81 4.39
2615.12 9.08 945.00 3.52
2631.37 9.03 934.62 14.29
2647.81 8.97 935.50 4.51
2664.18 9.06 928.06 4.34
2680.62 8.95 919.87 11.83
2697.18 9.06 913.81 4.72
2713.37 9.04 907.75 4.58
2730.06 8.88 901.25 8.63
2746.31 9.01 891.37 4.54
2762.75 8.90 883.68 4.90
2779.18 8.82 878.43 11.35
2795.37 8.98 866.93 4.76
2812.06 8.78 858.18 4.43
2828.43 8.96 852.81 11.90
2844.81 8.87 840.18 4.51
2861.37 8.73 831.31 5.70
2877.50 8.93 823.37 22.35
2894.06 8.78 812.93 6.42
2910.56 8.92 796.93 14.89
2926.87 8.83 787.56 23.63
2943.50 8.73 780.93 5.51
2959.62 8.93 768.93 18.09
2976.18 8.80 763.50 9.07
2992.62 8.93 750.56 5.46
3009.12 9.05 743.37 19.40
3025.68 9.16 724.31 14.12
3041.81 9.10 717.62 5.99
3058.25 9.02 704.18 22.70
3074.75 9.13 695.06 10.97
3091.06 9.08 683.87 6.57
3107.81 9.10 677.93 17.13
3123.81 9.10 661.37 5.87
3140.25 9.02 650.18 6.44
3156.81 9.10 635.68 8.79
3173.00 9.08 629.50 4.66
3189.62 8.98 615.75 5.85
3205.87 9.13 604.75 7.48
3222.25 9.05 593.37 6.26
3238.87 9.13 582.50 6.56
3255.06 9.11 568.81 10.92
3271.56 8.94 560.75 5.84
3287.93 9.11 549.18 6.30
3304.37 9.00 544.00 22.80
3320.93 9.11 528.62 5.31
3337.06 9.11 516.81 6.37
3353.56 8.95 504.25 20.89
3369.93 9.11 496.43 5.71
3386.43 8.98 482.75 17.38
3403.00 9.08 476.56 11.30
3419.12 9.09 466.00 5.74
3435.62 8.93 455.62 6.44
3452.00 9.08 451.93 17.13
3468.43 9.04 437.75 6.22
3485.06 9.13 429.43 12.82
3501.18 9.13 421.00 9.08
3517.75 9.02 411.62 4.79
3534.06 9.13 406.87 14.09
3550.37 9.08 392.37 20.04
3567.06 9.13 388.37 4.94
3583.12 9.16 383.06 26.67
3599.68 9.04 379.93 32.27
3616.06 9.13 365.68 5.01
3632.37 9.03 373.87 44.21
3648.81 8.99 356.62 7.47
3665.12 9.10 347.87 4.97
3681.68 8.95 336.87 24.26
3698.12 9.10 335.25 7.81
3714.50 8.99 330.93 5.47
3730.93 8.95 327.31 11.32
3747.18 9.08 322.18 5.37
3763.81 8.90 317.62 4.11
3780.25 9.06 313.43 4.62
3796.50 8.99 311.06 6.65
3813.18 8.83 307.18 4.22
3829.31 9.03 304.25 5.41
3845.81 8.90 302.25 4.32
3862.37 9.01 301.50 3.97
3878.62 8.95 304.37 18.85
3895.25 8.81 297.75 3.53
3911.43 9.00 298.75 8.57
3927.93 8.88 292.93 7.77
3944.50 9.01 296.62 3.90
3960.75 8.99 294.00 8.81
3977.37 8.81 298.81 27.14
3993.50 9.01 296.93 3.40
4010.06 9.11 298.37 19.32
4026.62 9.20 297.18 6.16
4042.81 9.19 301.25 3.60
4059.37 9.06 302.50 19.08
4075.62 9.20 311.31 9.87
4092.00 9.12 309.87 4.36
4108.68 9.18 313.81 6.89
4124.81 9.14 317.00 17.90
4141.37 8.99 319.62 3.51
4157.68 9.18 332.43 19.80
4174.06 9.09 327.56 6.60
4190.75 9.21 333.56 3.64
4206.87 9.22 336.37 6.62
4223.37 9.05 345.37 8.29
4239.75 9.21 350.68 4.22
4256.12 9.12 355.43 11.66
4272.75 9.21 362.93 4.89
4288.93 9.19 368.87 4.63
4305.37 9.05 375.25 6.97
4321.81 9.19 382.68 6.37
4338.12 9.14 391.87 3.55
4354.81 9.19 398.93 5.99
4370.93 9.19 406.87 4.86
4387.50 9.01 414.25 4.41
4403.87 9.16 421.93 5.21
4420.12 9.16 431.50 5.41
4436.81 9.19 442.31 11.74
4452.93 9.19 448.56 17.29
4469.56 9.12 457.81 5.74
4485.93 9.21 467.25 5.56
4502.12 9.19 480.50 19.94
4518.68 9.07 485.87 4.90
4534.93 9.21 499.18 19.99
4551.43 9.07 514.06 27.11
4567.93 9.21 515.68 5.56
4584.12 9.19 523.75 27.01
4600.68 9.07 536.00 9.79
4616.93 9.21 546.25 5.41
4633.37 9.09 552.06 36.79
4649.93 9.21 563.31 5.92
4666.12 9.19 577.75 6.14
4682.75 9.04 584.56 11.53
4699.00 9.18 596.18 6.04
4715.56 9.03 608.37 5.83
4732.06 9.17 621.56 12.52
4748.18 9.17 630.25 7.53
4764.93 8.97 640.18 6.20
4781.12 9.14 656.31 25.29
4797.50 9.07 659.43 5.13
4814.18 9.12 671.06 5.65
4830.31 9.12 684.62 11.24
4847.06 8.92 690.62 5.36
4863.25 9.09 701.68 6.53
4879.56 9.04 720.62 34.48
4896.18 9.12 721.75 6.40
4912.37 9.12 735.50 14.35
4929.06 8.94 740.06 12.77
4945.37 9.09 750.50 6.28
4961.62 9.09 758.62 10.34
4978.25 8.90 771.00 17.09
4994.37 9.09 778.68 5.30
5011.18 9.10 786.68 11.49
5027.50 9.29 792.37 19.17
5043.75 9.29 805.56 5.59
5060.43 9.32 814.43 6.44
5076.56 9.27 819.68 8.63
5093.12 9.13 829.56 6.55
5109.50 9.29 832.81 15.56
5125.81 9.27 855.00 32.85
5142.50 9.29 852.87 5.41
5158.56 9.27 872.43 25.74
5175.12 9.13 862.18 17.91
5191.56 9.32 872.50 5.30
5207.87 9.30 876.93 18.70
5224.56 9.32 892.68 28.95
5240.68 9.33 890.43 5.06
5257.06 9.23 885.12 27.73
5273.56 9.32 900.93 6.71
5289.93 9.27 906.62 4.37
5306.62 9.30 915.75 14.55
5322.68 9.33 914.06 5.12
5339.12 9.21 919.06 5.31
5355.62 9.30 922.62 9.48
5371.81 9.29 927.37 7.22
5388.50 9.11 926.62 8.20
5404.68 9.28 929.31 16.87
5421.12 9.22 931.87 3.69
5437.68 9.28 933.31 8.59
5453.81 9.29 935.43 6.13
5470.56 9.16 939.18 6.64
5486.75 9.32 938.25 4.01
5503.12 9.28 942.68 24.12
5519.75 9.32 940.06 4.13
5535.87 9.33 939.81 3.26
5552.56 9.16 942.43 14.31
5568.75 9.32 938.50 4.21
5585.12 9.28 936.18 4.13
5601.75 9.32 936.56 8.26
5617.87 9.33 934.87 4.23
5634.50 9.18 928.18 10.70
5650.75 9.32 930.56 17.13
5667.12 9.27 927.75 4.97
5683.81 9.30 930.43 16.94
5699.93 9.31 919.56 11.33
5716.68 9.12 916.87 3.61
5732.87 9.29 915.12 10.99
5749.18 9.25 909.00 5.55
5765.93 9.26 905.25 4.13
5782.00 9.29 898.00 9.15
5798.75 9.09 896.56 7.70
5815.00 9.24 889.25 4.54
5831.18 9.22 887.31 22.80
5847.93 9.02 877.18 8.60
5864.06 9.21 872.18 4.98
5880.75 9.00 864.62 9.09
5897.06 9.21 857.18 7.45
5913.31 9.20 854.12 5.69
5930.06 8.99 843.50 9.25
5946.18 9.22 837.50 5.90
5962.87 9.03 832.31 12.30
5979.18 9.22 820.62 8.19
5995.43 9.22 814.87 5.35
6012.31 9.42 806.93 6.15
6028.37 9.40 798.68 4.30
6044.81 9.35 789.00 6.14
6061.31 9.42 780.87 6.24
6077.56 9.42 776.31 12.81
6094.31 9.42 763.31 6.73
6110.37 9.40 753.37 6.09
6126.75 9.38 751.18 13.97
6143.31 9.42 735.81 6.02
6159.62 9.39 725.87 22.66
6176.31 9.42 715.50 9.06
6192.43 9.48 707.93 6.36
6208.68 9.42 684.12 27.47
6225.37 9.45 699.06 19.58
6241.50 9.46 679.37 5.82
6258.18 9.27 675.75 22.76
6274.37 9.45 661.68 12.09
6290.81 9.39 648.37 6.13
6307.43 9.43 641.81 13.11
6323.56 9.44 625.75 11.56
6340.18 9.21 620.81 5.95
6356.43 9.43 610.06 10.06
6372.81 9.39 600.37 7.21
6389.50 9.41 590.93 6.23
6405.62 9.42 581.18 27.31
6422.25 9.19 572.31 9.54
6438.50 9.41 562.00 5.35
6454.87 9.36 549.75 14.01
6471.56 9.45 542.18 9.73
6487.68 9.46 535.00 6.69
6504.18 9.42 529.31 25.69
6520.56 9.45 517.00 6.39
6536.87 9.42 506.31 5.88
6553.56 9.45 506.00 28.64
6569.68 9.46 489.56 7.98
6586.25 9.37 482.93 6.85
6602.56 9.45 471.68 10.35
6618.87 9.42 465.81 5.87
6635.56 9.45 456.68 6.78
6651.62 9.48 453.68 11.94
6668.25 9.35 443.00 6.00
6684.62 9.43 433.50 11.10
6700.75 9.44 439.62 34.69
6717.50 9.25 421.56 5.93
6733.68 9.42 418.68 20.73
6750.31 9.27 409.81 7.76
6766.75 9.40 403.06 6.93
6782.87 9.41 399.81 17.82
6799.62 9.20 403.50 23.05
6815.81 9.37 386.37 6.10
6832.31 9.29 383.75 14.28
6848.81 9.37 375.56 18.22
6864.93 9.38 373.06 6.01
6881.75 9.15 359.87 18.14
6897.81 9.37 369.50 24.60
6914.31 9.30 366.18 27.26
6930.87 9.37 355.43 14.98
6947.12 9.41 353.50 5.11
6963.81 9.17 349.56 8.37
6979.93 9.38 353.93 14.87
6996.31 9.34 348.62 6.75
7013.06 9.58 343.56 6.85
7029.25 9.61 336.18 41.66
7045.93 9.65 342.43 3.82
7062.06 9.58 341.25 4.70
7078.37 9.55 340.75 6.31
7095.06 9.58 340.93 4.52
7111.18 9.59 340.31 4.41
7127.75 9.47 343.56 15.46
7144.06 9.58 340.37 3.20
7160.37 9.55 352.81 25.62
7177.06 9.58 348.31 18.30
7193.25 9.63 344.56 3.87
7209.75 9.46 351.68 16.85
7226.12 9.61 356.25 26.18
7242.37 9.62 351.68 3.74
7259.12 9.61 365.18 34.78
7275.25 9.63 357.56 6.53
7291.68 9.52 359.81 3.57
7308.18 9.59 368.31 13.05
7324.43 9.61 361.00 14.51
7341.18 9.59 372.75 4.42
7357.31 9.61 377.75 9.40
7373.62 9.54 379.31 5.36
7390.25 9.57 385.50 4.79
7406.43 9.60 385.31 28.19
7423.18 9.58 397.25 5.76
7439.31 9.61 402.68 5.46
7455.75 9.50 403.06 15.26
7472.31 9.62 414.43 6.27
7488.50 9.65 421.56 5.67
7505.18 9.69 427.18 8.80
7521.37 9.65 432.62 5.71
7537.81 9.61 440.87 5.16
7554.31 9.62 443.56 15.00
7570.43 9.64 455.00 5.51
7587.00 9.52 461.00 7.32
7603.31 9.62 469.18 6.40
7619.75 9.56 478.93 6.07
7636.31 9.62 484.75 7.96
7652.43 9.64 493.18 18.94
7669.06 9.50 502.18 5.52
7685.37 9.60 511.12 5.23
7701.75 9.57 511.31 17.47
7718.43 9.59 527.62 6.57
7734.56 9.60 533.56 19.63
7751.06 9.55 545.06 7.73
7767.50 9.57 555.37 6.15
7783.81 9.57 568.06 14.15
7800.50 9.57 574.37 26.84
7816.68 9.56 581.56 6.04
7833.31 9.46 593.06 13.08
7849.56 9.55 606.87 19.41
7865.87 9.54 608.25 7.20
7882.50 9.56 617.81 9.02
7898.62 9.58 624.43 8.07
7915.31 9.46 634.56 7.64
7931.56 9.55 646.75 14.66
7947.87 9.56 651.37 3.53
7964.62 9.56 664.68 7.04
7980.68 9.60 663.81 36.41
7997.25 9.52 680.00 6.67
8013.68 9.78 688.93 7.85
8029.93 9.78 700.62 9.48
8046.56 9.85 707.56 7.68
8062.75 9.76 716.50 6.97
8079.25 9.69 726.37 8.11
8095.68 9.78 731.87 5.43
8111.87 9.81 741.43 7.00
8128.56 9.85 752.18 13.49
8144.68 9.78 757.31 6.38
8161.18 9.70 762.43 12.16
8177.68 9.78 771.50 14.45
8193.93 9.84 780.68 6.26
8210.56 9.94 785.93 12.14
8226.81 9.85 788.37 20.98
8243.18 9.75 800.68 6.42
8259.75 9.81 810.00 8.09
8275.93 9.84 815.75 15.96
8292.62 9.93 821.56 5.16
8308.87 9.83 829.25 14.88
8325.25 9.74 831.43 9.99
8341.81 9.80 837.06 5.80
8358.00 9.83 849.31 21.84
8374.62 9.93 851.31 13.04
8390.93 9.82 854.87 5.37
8407.31 9.73 860.06 19.20
8423.87 9.78 864.50 13.10
8440.00 9.80 867.06 5.90
8456.50 9.74 867.12 15.99
8472.93 9.83 875.93 7.85
8489.31 9.81 880.93 11.06
8505.81 9.91 881.00 6.03
8522.06 9.84 885.31 5.92
8538.56 9.79 886.37 5.69
8554.93 9.83 891.62 8.94
8571.18 9.85 891.37 5.18
8587.81 9.91 892.18 4.49
8604.00 9.87 897.93 11.57
8620.56 9.79 896.50 4.87
8636.93 9.83 897.25 5.54
8653.18 9.85 900.12 14.96
8669.87 9.89 898.93 5.77
8686.06 9.85 897.68 6.71
8702.62 9.78 895.37 11.57
8719.06 9.81 897.12 4.76
8735.31 9.83 902.43 16.12
8751.93 9.88 899.12 9.87
8768.12 9.84 894.25 5.02
8784.75 9.75 894.81 5.28
8801.06 9.81 889.06 8.52
8817.37 9.80 888.68 4.79
8834.00 9.87 886.18 5.52
8850.18 9.82 880.18 11.16
8866.81 9.73 880.75 5.33
8883.12 9.79 878.37 16.67
8899.25 9.80 876.56 12.68
8915.93 9.65 871.75 8.71
8932.12 9.79 858.31 29.25
8948.75 9.74 860.25 13.64
8965.18 9.80 854.18 11.18
8981.37 9.83 854.06 9.20
8997.93 9.73 851.50 17.10
9014.25 10.02 842.37 4.14
9030.68 10.00 837.06 6.53
9047.18 10.09 830.25 6.80
9063.43 10.05 823.43 6.07
9080.06 10.16 819.06 6.47
9096.25 10.02 813.18 5.57
9112.62 10.01 805.56 6.38
9129.18 10.09 798.93 7.03
9145.37 10.07 791.93 5.50
9162.06 10.16 783.25 9.27
9178.25 10.02 783.50 17.17
9194.62 10.06 770.37 6.31
9211.25 10.12 764.50 6.91
9227.43 10.11 758.68 11.66
9244.12 10.19 748.56 6.71
9260.37 10.09 740.12 6.99
9276.56 10.07 734.50 11.43
9293.25 10.12 724.75 5.59
9309.43 10.08 716.37 5.76
9326.06 9.98 706.00 13.62
9342.37 10.04 700.31 5.97
9358.62 10.07 691.62 7.25
9375.25 10.12 680.37 28.34
9391.50 10.07 675.25 6.98
9408.06 9.93 661.37 15.37
9424.43 10.03 657.31 7.78
9440.68 10.05 652.50 12.72
9457.25 10.17 645.12 27.62
9473.56 10.12 631.25 13.65
9490.06 10.10 628.31 12.82
9506.43 10.15 619.62 14.90
9522.75 10.10 612.25 11.82
9539.31 10.22 600.81 10.16
9555.56 10.12 590.68 7.70
9572.00 10.12 579.37 13.49
9588.43 10.15 574.06 6.93
9604.62 10.13 563.31 9.53
9621.31 10.22 557.00 11.36
9637.56 10.12 549.31 5.97
9654.00 10.12 536.68 22.40
9670.50 10.14 534.43 6.22
9686.68 10.12 525.75 7.28
9703.37 10.21 517.06 9.27
9719.68 10.10 513.62 7.16
9736.18 10.09 507.25 14.54
9752.50 10.14 503.81 24.26
9768.68 10.10 490.25 7.30
9785.31 10.01 490.75 31.95
9801.62 10.06 481.06 13.47
9818.12 10.03 470.18 7.52
9834.56 10.13 463.87 7.00
9850.75 10.08 456.50 7.48
9867.43 9.98 452.25 6.39
9883.68 10.05 441.93 7.45
9900.06 10.05 430.68 22.93
9916.56 10.13 437.18 9.77
9932.75 10.08 434.50 17.47
9949.43 10.04 425.56 11.52
9965.75 10.06 424.12 15.93
9982.06 10.08 409.81 24.71
9998.56 10.21 415.93 8.98
10014.93 10.33 408.00 6.70
10031.56 10.46 406.00 7.80
10047.75 10.35 399.00 9.31
10064.06 10.30 395.31 5.85
10080.62 10.42 395.68 16.43
10096.93 10.33 384.50 24.50
10113.50 10.47 390.68 7.10
10129.75 10.35 386.87 5.89
10146.00 10.31 385.50 5.51
10162.62 10.42 382.37 5.61
10178.87 10.31 380.75 5.90
10195.50 10.30 380.12 5.10
10211.81 10.38 374.75 15.63
10228.06 10.35 382.00 14.52
10244.68 10.45 377.12 6.86
10260.93 10.35 379.37 5.35
10277.31 10.30 380.56 7.02
10293.81 10.39 378.62 4.36
10310.18 10.33 379.87 4.95
10326.75 10.45 382.25 5.46
10343.00 10.34 381.75 4.56
10359.31 10.32 383.25 5.92
10375.81 10.39 380.87 18.71
10392.12 10.36 387.56 4.30
10408.75 10.45 389.62 21.60
10425.00 10.34 392.93 5.46
10441.31 10.32 398.00 14.19
10457.75 10.45 391.06 33.40
10474.12 10.41 397.75 13.19
10490.81 10.50 406.56 8.40
10507.00 10.46 423.43 38.43
10523.31 10.38 404.12 21.30
10539.81 10.50 417.50 6.17
10556.12 10.41 418.81 9.59
10572.68 10.56 426.62 5.45
10589.00 10.46 430.62 4.85
10605.25 10.38 437.37 12.21
10621.81 10.50 438.75 8.29
10638.06 10.39 445.62 5.97
10654.62 10.35 452.56 6.26
10671.00 10.42 458.00 7.69
10687.37 10.37 464.93 6.56
10703.87 10.49 468.37 9.25
10720.18 10.38 475.06 6.64
10736.68 10.38 483.68 17.27
10753.00 10.43 487.93 5.58
10769.50 10.36 498.06 8.43
10785.93 10.49 499.75 14.16
10802.18 10.38 508.75 7.62
10818.75 10.36 516.68 7.09
10835.06 10.42 522.56 6.90
10851.43 10.39 531.87 8.54
10867.93 10.49 540.00 7.18
10884.25 10.37 546.56 7.97
10900.75 10.36 556.75 14.08
10917.06 10.42 562.50 7.57
10933.37 10.39 574.75 14.58
10950.00 10.51 575.75 22.15
10966.37 10.41 583.87 8.25
10982.68 10.35 600.31 19.04
10999.06 10.50 604.12 19.18
11015.43 10.62 608.56 7.53
11032.00 10.76 617.56 33.83
11048.31 10.67 625.87 12.52
11064.75 10.55 632.12 7.14
11081.12 10.71 640.00 10.57
11097.43 10.62 650.50 15.38
11114.06 10.72 655.50 7.79
11130.25 10.63 660.62 10.49
11146.68 10.58 673.00 15.77
11163.12 10.71 684.68 19.72
11179.43 10.62 685.62 8.30
11196.06 10.72 694.75 11.16
11212.31 10.67 703.25 8.14
11228.68 10.58 706.25 12.67
11245.18 10.75 717.43 9.68
11261.43 10.62 722.43 7.93
11278.00 10.76 735.31 14.12
11294.37 10.66 736.43 7.41
11310.68 10.59 744.00 7.84
11327.18 10.75 750.12 8.93
11343.50 10.62 756.81 7.46
11359.93 10.59 763.87 7.88
11376.31 10.68 767.18 15.52
11392.62 10.62 775.93 6.66
11409.18 10.75 793.68 24.21
11425.50 10.62 788.25 7.69
11441.87 10.54 792.68 5.89
11458.25 10.74 793.06 18.41
11474.62 10.67 800.62 11.33
11491.25 10.81 811.43 10.42
11507.43 10.72 815.31 29.96
11523.93 10.66 818.75 9.16
11540.31 10.80 824.18 6.71
11556.62 10.67 823.37 14.67
11573.18 10.77 829.12 6.36
11589.43 10.72 834.81 7.59
11605.87 10.69 842.12 16.26
11622.31 10.80 841.50 9.30
11638.62 10.67 845.00 6.64
11655.18 10.77 846.37 10.55
11671.50 10.71 848.25 10.34
11687.93 10.68 854.75 14.93
11704.37 10.79 852.50 15.61
11720.75 10.66 856.25 5.30
11737.25 10.81 858.31 10.43
11753.56 10.71 871.93 34.79
11770.00 10.69 861.25 7.24
11786.37 10.80 860.87 4.79
11802.68 10.66 858.31 10.27
11819.12 10.65 862.06 8.21
11835.50 10.73 861.00 5.83
11851.87 10.66 862.93 7.33
11868.43 10.79 861.87 5.91
11884.68 10.66 861.62 5.48
11901.12 10.65 860.37 7.80
11917.56 10.71 858.00 5.67
11933.87 10.66 858.25 7.46
11950.43 10.83 857.00 4.14
11966.75 10.69 854.81 5.62
11983.12 10.69 860.50 26.17
11999.56 10.80 850.25 11.51
12015.93 10.89 849.25 8.48
12032.43 11.00 840.93 24.22
12048.75 10.97 842.18 6.52
12065.25 11.10 837.75 5.01
12081.62 11.00 832.37 7.07
12097.87 10.89 831.56 8.15
12114.43 11.00 826.81 7.46
12130.75 10.97 817.37 22.87
12147.12 10.92 824.18 16.18
12163.56 11.02 815.75 8.71
12179.87 10.89 811.81 9.82
12196.43 11.00 813.87 40.26
12212.68 10.94 800.56 6.34
12229.12 10.92 796.06 8.39
12245.56 11.02 788.68 9.34
12261.81 10.90 782.12 6.10
12278.31 11.08 776.62 9.20
12294.75 10.94 774.00 6.37
12311.12 10.87 766.93 5.84
12327.62 11.02 758.87 8.41
12343.93 10.90 754.43 7.82
12360.37 11.08 745.87 6.53
12376.75 10.94 740.75 7.30
12393.12 10.87 734.87 6.65
12409.56 11.03 734.00 16.31
12425.93 10.90 719.31 8.59
12442.37 11.08 717.62 10.91
12458.68 11.00 705.00 19.10
12475.00 10.90 702.00 14.25
12491.56 11.03 690.18 12.73
12507.87 10.97 688.06 9.64
12524.37 11.08 685.56 29.82
12540.68 11.00 670.62 9.93
12556.93 10.90 665.37 8.80
12573.50 11.00 655.37 10.31
12589.81 10.97 649.31 7.87
12606.25 10.90 640.12 7.53
12622.62 11.02 635.68 11.86
12638.93 10.90 628.12 7.75
12655.50 11.00 617.25 11.14
12671.75 10.94 613.50 13.17
12688.25 10.90 607.37 14.34
12704.62 11.02 601.81 11.63
12721.06 10.90 598.87 19.54
12737.43 11.09 585.25 18.41
12753.81 10.94 573.43 11.50
12770.18 10.92 568.18 9.84
12786.68 11.03 566.87 19.67
12803.00 10.90 555.37 8.59
12819.43 11.09 547.75 10.26
12835.81 10.94 542.75 8.26
12852.18 10.92 535.12 9.21
12868.68 11.03 528.50 9.30
12885.00 10.90 523.43 8.88
12901.43 11.09 520.81 16.64
12917.81 10.94 510.93 9.48
12934.06 10.90 504.37 10.53
12950.75 11.05 492.00 20.39
12967.06 10.93 493.68 7.97
12983.50 11.12 487.37 15.43
12999.87 11.07 482.68 9.56
13016.18 10.90 479.37 12.91
13032.68 11.02 472.43 9.96
13048.93 11.00 467.75 8.75
13065.50 11.12 461.87 6.79
13081.75 11.05 456.75 7.09
13098.18 10.90 452.31 6.81
13114.68 11.02 449.81 6.94
13130.93 11.00 444.93 8.12
13147.50 11.12 439.37 11.06
13163.75 11.05 439.62 7.87
13180.18 10.90 432.06 5.96
13196.62 11.03 435.93 10.25
13212.93 11.00 427.62 6.84
13229.31 11.16 425.50 21.01
13245.75 11.05 431.62 18.24
13262.06 10.93 423.75 19.08
13278.56 11.07 416.93 9.50
13295.00 11.00 417.87 5.52
13311.37 11.16 415.37 6.94
13327.81 11.06 414.56 5.73
13344.06 10.93 412.43 8.46
13360.62 11.08 413.68 4.44
13377.00 11.00 412.31 4.77
13393.25 10.90 412.18 6.19
13409.81 11.06 414.62 28.68
13426.06 10.93 411.81 6.38
13442.62 11.08 411.12 5.10
13458.93 11.07 406.62 16.07
13475.31 10.96 405.56 14.84
13491.81 11.06 411.75 10.67
13508.00 11.00 416.18 13.67
13524.56 11.12 423.87 35.88
13540.81 11.06 419.00 6.03
13557.31 10.96 418.12 6.85
13573.75 11.02 422.87 7.01
13590.00 11.00 425.37 6.12
13606.56 11.12 428.81 5.65
13622.81 11.06 429.50 5.51
13639.31 10.96 432.93 4.88
13655.68 11.04 442.00 29.75
13672.00 11.00 441.00 13.95
13688.43 11.15 443.75 7.70
13704.81 11.06 447.50 5.14
13721.18 10.94 454.81 12.38
13737.62 11.08 460.43 15.10
13754.00 11.00 464.50 15.00
13770.50 11.14 456.18 25.92
13786.81 11.06 469.18 8.99
13803.06 10.93 472.93 4.81
13819.62 11.08 479.25 7.64
13836.00 11.00 483.87 5.96
13852.37 10.93 486.00 7.21
13868.81 11.06 493.93 6.19
13885.06 10.93 498.93 6.70
13901.62 11.08 501.75 12.72
13918.00 11.00 512.12 8.15
13934.37 10.93 516.62 26.81
13950.81 11.06 519.37 8.89
13967.06 10.93 531.37 12.73
13983.56 11.12 528.31 20.92
13999.93 11.07 541.75 6.57
14016.31 10.96 546.25 7.13
14032.75 11.02 555.31 21.62
14049.00 11.00 561.00 10.28
14065.56 11.12 568.43 6.74
14081.87 11.04 573.12 6.35
14098.31 10.96 583.00 8.12
14114.75 11.02 586.81 7.75
14131.00 11.00 593.37 7.21
14147.56 11.12 601.31 10.07
14163.87 11.04 608.37 7.15
14180.18 10.94 623.62 28.43
14196.68 11.04 619.25 8.56
14213.00 11.00 631.12 11.86
14229.50 11.14 644.18 20.38
14245.87 11.04 642.00 13.00
14262.06 10.93 647.18 12.09
14278.62 11.08 653.00 12.77
14295.00 11.00 662.56 7.30
14311.43 11.13 668.75 7.40
14327.81 11.06 675.93 8.13
14344.12 10.94 682.31 6.91
14360.62 11.08 690.93 7.39
14377.00 11.00 694.06 6.98
14393.37 10.93 702.25 7.16
14409.81 11.06 704.18 11.66
14426.06 10.93 712.18 8.43
14442.62 11.08 716.18 19.06
14458.93 11.07 718.06 17.17
14475.31 10.96 734.81 17.96
14491.81 11.06 733.50 15.26
14508.00 11.00 749.56 16.47
14524.56 11.12 753.37 15.88
14540.87 11.04 757.37 15.70
14557.31 10.96 758.81 8.00
14573.81 11.06 764.50 6.00
14590.00 11.00 769.43 6.60
14606.56 11.12 774.50 9.02
14622.87 11.04 777.25 7.39
14639.18 10.94 782.50 6.75
14655.68 11.04 786.50 8.48
14672.00 11.00 789.06 8.62
14688.56 11.12 785.93 27.24
14704.87 11.04 800.00 11.77
14721.18 10.94 798.00 16.56
14737.62 11.08 807.25 16.64
14754.00 11.00 807.25 8.04
14770.56 11.12 817.00 15.68
14786.81 11.06 804.68 27.30
14803.18 10.94 817.25 5.70
14819.62 11.08 818.43 5.04
14836.00 11.00 821.12 5.18
14852.43 10.94 823.37 6.06
14868.81 11.06 825.25 5.61
14885.12 10.93 826.87 5.63
14901.62 11.08 825.81 8.46
14918.00 11.00 829.81 4.25
14934.37 10.96 823.37 19.22
14950.81 11.06 828.43 20.06
14967.12 10.93 827.56 10.39
14983.56 11.12 839.25 19.24
14999.93 11.07 830.87 4.90
15016.37 10.96 834.37 12.24
15032.81 11.06 826.68 8.71
15049.00 11.00 828.68 5.97
15065.56 11.12 828.93 4.98
15081.93 11.07 829.06 6.11
15098.25 10.90 827.37 4.01
15114.75 11.02 824.25 4.35
15131.00 11.00 823.25 4.31
15147.56 11.12 818.75 7.85
15163.93 11.07 819.37 4.95
15180.25 10.90 814.18 15.80
15196.81 11.06 817.81 10.12
15213.00 11.00 814.00 8.32
15229.56 11.12 808.25 20.01
15245.93 11.07 805.12 8.17
15262.25 10.90 806.87 15.66
15278.68 11.11 807.50 36.48
15295.00 11.00 794.68 4.71
15311.50 11.14 790.62 3.97
15327.81 11.06 788.00 4.40
15344.25 10.90 783.25 6.76
15360.68 11.11 778.56 5.16
15377.00 11.00 774.68 5.83
15393.50 11.15 772.06 6.72
15409.81 11.06 767.56 10.22
15426.18 10.94 760.00 6.11
15442.62 11.08 759.18 15.74
15458.93 11.07 744.50 16.57
15475.43 10.95 736.50 18.01
15491.81 11.06 739.06 7.21
15508.06 11.01 732.25 10.82
15524.56 11.12 733.06 16.77
15540.93 11.07 724.31 9.18
15557.37 10.94 717.06 7.60
15573.81 11.06 711.56 7.18
15590.06 11.01 706.12 7.49
15606.56 11.12 700.18 9.18
15622.93 11.07 696.37 6.52
15639.31 10.96 685.81 7.26
15655.81 11.06 678.56 8.47
15672.00 11.00 677.68 30.35
15688.56 11.12 664.18 12.53
15704.93 11.07 667.31 15.29
15721.31 10.96 655.93 7.87
15737.68 11.11 644.87 15.20
15754.00 11.00 646.37 13.11
15770.56 11.12 641.50 19.86
15786.81 11.06 624.25 17.83
15803.31 10.96 625.43 7.70
15819.75 11.10 617.93 8.24
15836.00 11.00 610.81 7.25
15852.56 11.12 605.62 8.68
15868.81 11.06 598.56 7.89
15885.18 10.94 592.56 6.56
15901.68 11.07 583.68 10.40
15918.00 11.00 580.93 8.12
15934.50 10.92 563.75 37.51
15950.81 11.06 568.06 11.93
15967.18 10.94 561.93 7.28
15983.62 11.11 554.37 20.41
15999.93 11.07 552.56 8.28
16016.56 11.12 546.12 8.48
16032.81 11.06 540.12 10.26
16049.06 11.01 534.87 6.41
16065.56 11.12 528.37 6.71
16081.93 11.07 524.43 7.56
16098.43 11.13 519.56 8.62
16114.81 11.06 514.25 8.13
16131.00 11.00 506.87 6.89
16147.56 11.12 503.37 14.73
16163.93 11.07 499.68 7.21
16180.37 11.16 499.68 13.61
16196.81 11.06 490.81 12.78
16213.00 11.00 485.31 5.67
16229.56 11.12 483.00 15.05
16245.93 11.07 480.00 22.44
16262.31 10.96 474.68 9.37
16278.75 11.10 473.12 11.24
16295.00 11.00 468.31 4.66
16311.56 11.12 464.68 7.17
16327.81 11.06 462.50 5.55
16344.25 10.90 461.50 5.60
16360.68 11.07 455.75 6.04
16377.00 11.00 455.18 5.22
16393.56 11.12 451.25 7.17
16409.81 11.06 449.87 6.08
16426.18 10.94 445.37 17.54
16442.68 11.07 438.62 31.79
16458.93 11.07 446.18 6.59
16475.56 11.12 441.25 14.20
16491.81 11.06 445.93 15.63
16508.06 11.01 451.12 22.11
16524.56 11.12 447.37 22.61
16540.93 11.07 442.68 7.72
16557.43 11.13 441.25 6.47
16573.81 11.06 441.62 5.95
16590.06 11.01 440.18 4.71
16606.56 11.12 443.37 6.07
16622.93 11.07 442.37 4.55
16639.37 11.16 442.18 4.61
16655.81 11.06 440.93 8.90
16672.00 11.00 443.31 10.20
16688.56 11.12 443.06 38.48
16704.93 11.07 447.18 7.14
16721.31 10.96 454.50 14.92
16737.75 11.10 455.87 12.79
16754.00 11.00 452.06 8.13
16770.56 11.12 452.93 10.47
16786.81 11.06 459.25 8.16
16803.31 10.96 460.87 4.95
16819.68 11.07 463.43 4.08
16836.00 11.00 465.68 6.48
16852.56 11.12 469.43 7.42
16868.81 11.06 473.43 5.24
16885.18 10.94 478.12 5.85
16901.68 11.07 477.87 15.07
16918.00 11.00 485.31 6.85
16934.56 11.12 489.12 12.73
16950.81 11.06 494.81 8.65
16967.18 10.94 495.87 5.77
16983.56 11.12 501.06 19.02
16999.93 11.07 508.18 13.02
17016.50 11.14 506.12 16.06
17032.81 11.06 519.43 26.80
17049.12 11.01 526.68 30.18
17065.56 11.12 525.37 6.85
17081.93 11.07 530.37 7.17
17098.50 11.14 538.31 7.25
17114.81 11.06 540.43 6.86
17131.00 11.00 544.06 6.89
17147.56 11.12 555.31 33.62
17163.93 11.07 556.43 5.27
17180.31 10.96 564.81 12.86
17196.81 11.06 576.37 20.48
17213.00 11.00 573.06 7.05
17229.56 11.12 575.18 12.68
17245.93 11.07 592.75 41.05
17262.31 10.96 590.06 18.40
17278.75 11.10 606.68 37.86
17295.00 11.00 602.25 6.34
17311.56 11.12 609.43 6.99
17327.87 11.09 612.12 7.51
17344.25 10.90 620.62 6.88
17360.75 11.10 626.25 6.25
17377.00 11.00 632.37 6.31
17393.56 11.12 637.87 5.50
17409.81 11.06 643.18 7.38
17426.18 10.94 647.75 12.11
17442.68 11.11 653.25 7.90
17458.93 11.07 661.75 7.14
17475.56 11.12 661.50 19.22
17491.81 11.06 672.06 8.42
17508.12 11.01 673.18 19.45
17524.62 11.16 694.31 34.60
17540.93 11.07 690.18 6.81
17557.56 11.12 692.93 8.94
17573.81 11.06 701.31 8.91
17590.06 11.01 706.75 6.10
17606.56 11.12 710.50 7.78
17622.93 11.07 713.62 6.17
17639.37 10.94 720.75 7.91
17655.81 11.06 725.68 6.60
17672.12 11.01 733.87 11.61
17688.56 11.12 739.75 8.57
17704.93 11.07 741.93 7.41
17721.43 10.95 741.87 12.19
17737.75 11.10 747.68 7.03
17754.06 11.00 750.18 17.11
17770.56 11.12 752.18 11.67
17786.87 11.09 762.25 7.85
17803.37 10.96 767.62 11.21
17819.75 11.10 765.56 6.27
17836.06 11.00 772.06 5.63
17852.56 11.12 775.62 6.63
17868.81 11.06 777.93 7.81
17885.25 10.94 780.12 5.13
17901.75 11.10 783.06 6.86
17918.00 11.00 785.75 4.23
17934.56 11.12 782.56 16.79
17950.87 11.09 791.37 7.28
17967.18 10.94 793.25 5.17
17983.68 11.14 795.31 5.97
17999.93 11.07 791.31 15.99
18016.56 11.12 796.81 9.15
18032.87 11.09 797.50 7.01
18049.12 11.01 804.12 11.34
18065.62 11.11 801.43 7.80
18081.93 11.07 802.37 4.74
18098.56 11.12 802.25 4.34
18114.87 11.09 804.56 4.15
18131.12 11.01 802.12 4.12
18147.62 11.11 803.68 4.35
18163.93 11.07 803.87 4.37
18180.50 11.15 818.06 31.15
18196.81 11.06 802.06 5.13
18213.06 11.00 805.43 10.31
18229.56 11.12 801.12 8.68
18245.93 11.07 802.93 27.40
18262.43 11.17 796.06 8.91
18278.75 11.10 794.87 30.85
18295.12 11.01 803.00 19.70
18311.56 11.12 795.00 6.04
18327.87 11.09 792.68 3.75
18344.37 11.12 791.06 3.85
18360.75 11.10 787.50 5.64
18377.06 11.01 784.50 5.96
18393.56 11.12 782.56 6.50
18409.87 11.09 780.87 4.72
18426.18 10.94 768.25 31.85
18442.75 11.10 773.93 4.88
18459.00 11.08 772.37 15.67
18475.56 11.12 769.68 6.48
18491.87 11.09 764.37 5.30
18508.12 11.01 763.12 18.28
18524.68 11.14 757.87 11.41
18540.93 11.07 753.50 5.72
18557.56 11.12 749.31 51.86
18573.87 11.09 745.37 5.49
18590.12 11.01 741.00 5.71
18606.62 11.11 735.87 6.79
18622.93 11.07 731.18 6.88
18639.50 11.15 727.25 6.00
18655.81 11.06 723.81 6.94
18672.12 11.01 722.50 11.74
18688.56 11.12 711.93 5.51
18704.93 11.07 706.87 6.84
18721.50 11.15 705.81 10.56
18737.75 11.10 699.12 6.35
18754.12 11.01 681.25 23.55
18770.56 11.12 696.25 28.70
18786.87 11.09 680.56 7.89
18803.43 11.17 674.56 9.31
18819.75 11.10 672.81 4.76
18836.06 11.01 665.75 6.83
18852.56 11.12 660.18 7.48
18868.87 11.09 655.81 9.04
18885.18 10.94 648.93 7.01
18901.75 11.10 643.50 7.87
18918.06 11.01 637.56 9.08
18934.56 11.12 625.62 19.40
18950.87 11.09 624.31 8.06
18967.18 10.94 622.87 6.48
18983.68 11.14 617.43 12.60
18999.93 11.07 612.81 12.33
19016.56 11.12 602.68 13.25
19032.87 11.09 599.12 6.65
19049.12 11.01 590.56 25.88
19065.62 11.11 597.62 33.17
19081.93 11.07 582.50 6.75
19098.56 11.12 575.50 9.15
19114.81 11.06 573.25 5.32
19131.12 11.01 568.06 7.69
19147.62 11.11 567.25 9.51
19163.93 11.07 558.25 5.44
19180.50 11.15 554.87 10.32
19196.81 11.06 548.93 7.21
19213.12 11.01 544.06 5.08
19229.56 11.12 537.56 12.72
19245.93 11.07 541.00 13.40
19262.43 11.17 525.81 17.17
19278.75 11.10 530.00 13.34
19295.06 11.01 520.00 15.78
19311.56 11.12 518.75 5.96
19327.87 11.09 514.68 4.38
19344.31 11.11 510.75 6.40
19360.75 11.10 505.37 10.12
19377.06 11.01 503.06 6.78
19393.56 11.12 501.18 5.10
19409.87 11.09 498.50 4.44
19426.18 10.94 495.25 8.55
19442.75 11.10 493.12 10.87
19458.93 11.07 484.25 13.45
19475.56 11.12 489.68 11.97
19491.87 11.09 483.43 4.76
19508.12 11.01 481.00 19.97
19524.68 11.14 480.56 8.41
19540.93 11.07 476.06 4.70
19557.56 11.12 474.81 22.10
19573.81 11.06 472.87 3.76
19590.12 11.01 472.18 3.43
19606.62 11.11 471.56 5.18
19622.93 11.07 468.31 5.80
19639.50 11.15 468.12 4.09
19655.81 11.06 466.00 6.42
19672.12 11.01 472.62 10.39
19688.56 11.12 464.31 17.00
19704.93 11.07 467.43 14.85
19721.50 11.15 464.81 8.37
19737.75 11.10 469.12 11.18
19754.12 11.01 459.37 16.47
19770.56 11.12 469.50 11.93
19786.87 11.09 466.81 4.77
19803.43 11.17 476.68 22.22
19819.75 11.10 470.68 6.29
19836.12 11.01 471.37 4.99
19852.56 11.12 470.31 6.30
19868.87 11.09 472.62 5.10
19885.25 10.94 474.37 4.41
19901.75 11.10 475.50 8.62
19918.06 11.00 479.50 7.06
19934.56 11.12 480.93 13.41
19950.87 11.09 489.50 16.32
19967.25 10.94 485.06 4.32
19983.68 11.14 482.12 16.99
20000.00 11.07 483.62 19.70
20016.56 11.12 491.18 8.66
20032.87 11.09 496.12 5.91
20049.18 11.02 499.18 8.26
20065.62 11.11 493.87 31.82
20081.93 11.07 507.75 5.36
20098.56 11.12 510.50 6.75
20114.87 11.09 512.75 5.27
20131.12 11.01 515.12 5.96
20147.62 11.11 523.43 22.28
20163.93 11.07 524.87 6.05
20180.50 11.15 534.06 20.01
20196.87 11.09 534.87 21.67
20213.12 11.01 536.31 10.83
20229.56 11.12 540.18 20.25
20245.93 11.07 548.68 17.90
20262.43 11.17 551.31 15.99
20278.81 11.13 555.62 6.47
20295.12 11.01 556.56 6.79
20311.56 11.12 567.12 9.93
20327.87 11.09 571.31 6.40
20344.37 11.12 573.12 4.82
20360.75 11.10 579.18 5.16
20377.12 11.01 583.06 6.38
20393.56 11.12 586.87 6.51
20409.87 11.09 592.87 6.55
20426.25 10.94 598.56 6.01
20442.75 11.10 600.43 10.90
20459.06 11.08 615.43 21.93
20475.56 11.12 620.81 19.23
20491.87 11.09 615.50 18.18
20508.18 11.02 614.75 20.43
20524.68 11.14 628.56 6.38
20541.00 11.08 634.50 6.35
20557.56 11.12 647.93 17.76
20573.87 11.09 645.87 6.26
20590.12 11.01 650.56 5.18
20606.62 11.11 655.00 6.89
20623.00 11.08 658.87 6.73
20639.50 11.15 664.93 5.37
20655.87 11.09 671.12 5.82
20672.12 11.01 675.00 22.12
20688.56 11.12 672.56 23.92
20704.93 11.07 685.37 22.33
20721.50 11.15 684.12 12.90
20737.81 11.13 690.75 7.67
20754.12 11.01 698.87 13.15
20770.56 11.12 704.56 8.33
20786.87 11.09 708.31 7.01
20803.43 11.17 710.87 7.31
20819.75 11.10 715.00 4.18
20836.12 11.01 721.00 6.06
20852.56 11.12 724.37 5.64
20868.87 11.09 726.25 5.27
20885.25 10.94 730.50 4.83
20901.75 11.10 734.18 4.08
20918.12 11.01 738.87 5.08
20934.56 11.12 731.00 26.75
20950.87 11.09 741.62 9.24
20967.25 10.94 751.25 12.08
20983.68 11.14 757.25 16.16
21000.06 11.08 754.31 11.47
21016.56 11.12 757.62 5.88
21032.87 11.09 757.81 7.41
21049.18 11.02 760.25 8.53
21065.62 11.11 768.75 13.32
21082.00 11.08 766.31 5.66
21098.56 11.12 768.87 4.83
21114.87 11.09 771.25 3.82
21131.12 11.01 770.75 3.77
21147.62 11.11 775.62 8.82
21163.93 11.07 775.06 6.60
21180.50 11.15 774.75 18.60
21196.87 11.09 777.37 11.09
21213.12 11.01 775.12 16.23
21229.56 11.12 773.62 12.45
21245.93 11.07 783.68 6.74
21262.43 11.17 778.81 6.84
21278.81 11.13 782.18 4.76
21295.12 11.01 778.25 10.31
21311.56 11.12 782.68 11.24
21327.87 11.09 780.93 3.85
21344.37 11.12 779.81 4.69
21360.75 11.10 778.93 3.96
21377.12 11.01 777.75 4.60
21393.56 11.12 778.31 3.79
21409.87 11.09 777.25 4.96
21426.25 10.94 772.06 15.68
21442.75 11.10 773.93 7.50
21459.06 11.08 772.50 12.40
21475.56 11.12 771.00 7.02
21491.87 11.09 772.25 9.86
21508.18 11.02 774.12 15.16
21524.68 11.14 767.00 4.57
21541.00 11.08 765.00 5.16
21557.56 11.12 760.87 5.87
21573.87 11.09 758.62 5.18
21590.12 11.01 755.75 4.01
21606.62 11.11 753.31 5.37
21623.00 11.08 751.00 6.85
21639.50 11.15 746.50 5.25
21655.87 11.09 744.81 6.44
21672.12 11.01 738.37 9.39
21688.56 11.12 736.68 13.35
21704.93 11.07 735.68 10.03
21721.50 11.15 734.68 9.88
21737.81 11.13 725.18 6.14
21754.12 11.01 723.43 19.65
21770.56 11.12 717.62 9.93
21786.87 11.09 716.06 6.99
21803.43 11.17 712.37 5.63
21819.75 11.10 708.56 5.36
21836.12 11.01 703.06 6.51
21852.56 11.12 701.00 6.07
21868.87 11.09 695.43 6.82
21885.25 10.94 689.68 6.28
21901.75 11.10 685.62 5.99
21918.12 11.01 680.62 6.66
21934.56 11.12 671.25 13.57
21950.87 11.09 670.31 10.53
21967.25 10.94 667.62 6.57
21983.68 11.14 662.87 8.27
22000.06 11.08 653.12 18.02
22016.56 11.12 657.37 16.63
22032.87 11.09 647.06 12.57
22049.18 11.02 643.93 5.96
22065.62 11.11 638.62 6.79
22082.00 11.08 634.87 6.07
22098.56 11.12 628.81 6.73
22114.87 11.09 625.18 6.69
22131.12 11.01 618.75 7.43
22147.62 11.11 615.50 5.02
22163.93 11.07 611.68 5.35
22180.50 11.15 607.93 9.53
22196.87 11.09 602.75 7.49
22213.12 11.01 596.06 9.07
22229.56 11.12 590.62 5.53
22245.93 11.07 594.56 14.50
22262.43 11.17 582.68 21.27
22278.81 11.13 578.56 6.24
22295.12 11.01 574.75 4.10
22311.56 11.12 569.18 8.03
22327.87 11.09 566.06 5.39
22344.37 11.12 563.18 3.26
22360.75 11.10 559.68 6.13
22377.12 11.01 554.81 6.44
22393.56 11.12 549.75 5.65
22409.87 11.09 546.87 4.91
22426.25 10.94 542.75 6.89
22442.75 11.10 537.93 4.84
22459.06 11.08 540.56 13.00
22475.56 11.12 531.37 4.41
22491.87 11.09 527.68 3.37
22508.18 11.02 522.25 15.59
22524.68 11.14 522.75 4.78
22541.00 11.08 519.43 4.69
22557.56 11.12 524.81 19.27
22573.87 11.09 514.68 5.75
22590.12 11.01 511.37 3.06
22606.62 11.11 509.31 4.40
22623.00 11.08 504.87 6.31
22639.50 11.15 504.56 4.50
22655.87 11.09 502.00 4.36
22672.12 11.01 501.00 6.38
22688.56 11.12 498.87 5.49
22704.93 11.07 500.87 13.72
22721.50 11.15 493.62 21.52
22737.81 11.13 494.56 3.64
22754.12 11.01 495.00 16.15
22770.56 11.12 492.75 10.41
22786.87 11.09 490.25 3.85
22803.43 11.17 473.50 43.83
22819.75 11.10 489.81 4.33
22836.12 11.01 489.12 4.54
22852.56 11.12 487.81 4.00
22868.87 11.09 487.62 3.31
22885.25 10.94 489.00 4.57
22901.75 11.10 487.68 4.33
22918.12 11.01 490.37 5.26
22934.56 11.12 489.37 4.90
22950.87 11.09 490.43 7.76
22967.25 10.94 490.75 5.04
22983.68 11.14 492.93 6.57
23000.06 11.08 494.56 14.84
23016.56 11.12 496.18 6.38
23032.87 11.09 496.75 8.04
23049.18 11.02 509.25 41.30
23065.62 11.11 497.81 5.14
23082.00 11.08 500.31 4.65
23098.56 11.12 502.62 5.97
23114.87 11.09 504.43 5.06
23131.12 11.01 505.06 6.90
23147.62 11.11 507.56 4.64
23163.93 11.07 512.06 5.21
23180.50 11.15 512.75 6.49
23196.87 11.09 519.43 13.35
23213.12 11.01 520.00 6.62
23229.56 11.12 523.93 13.03
23245.93 11.07 518.12 15.04
23262.43 11.17 528.06 5.32
23278.81 11.13 534.06 15.64
23295.12 11.01 545.43 33.71
23311.56 11.12 538.50 5.97
23327.87 11.09 539.93 5.67
23344.37 11.12 543.00 4.54
23360.75 11.10 548.37 5.51
23377.12 11.01 551.50 5.53
23393.56 11.12 553.81 3.94
23409.87 11.09 559.25 5.41
23426.25 10.94 563.81 5.43
23442.75 11.10 569.25 10.41
23459.06 11.08 570.50 7.72
23475.56 11.12 574.37 6.65
23491.87 11.09 580.37 4.51
23508.18 11.02 582.93 16.69
23524.68 11.14 592.50 17.19
23541.00 11.08 588.93 18.29
23557.56 11.12 596.62 53.71
23573.87 11.09 600.12 4.84
23590.12 11.01 606.50 6.57
23606.62 11.11 609.50 5.23
23623.00 11.08 613.56 8.16
23639.50 11.15 619.00 5.68
23655.87 11.09 622.75 5.71
23672.12 11.01 628.75 9.39
23688.56 11.12 632.37 5.80
23704.93 11.07 640.00 10.40
23721.50 11.15 643.50 11.17
23737.81 11.13 643.50 9.56
23754.12 11.01 653.00 11.33
23770.56 11.12 662.50 41.61
23786.87 11.09 659.37 9.56
23803.43 11.17 672.75 26.38
23819.75 11.10 666.50 4.90
23836.12 11.01 670.31 4.52
23852.56 11.12 674.81 5.56
23868.87 11.09 678.50 4.91
23885.25 10.94 681.87 3.69
23901.75 11.10 687.31 4.91
23918.12 11.01 693.25 5.50
23934.56 11.12 693.31 5.08
23950.87 11.09 692.00 11.14
23967.25 10.94 701.43 6.15
23983.68 11.14 709.12 9.38
24000.06 11.08 712.12 10.08
24016.56 11.12 716.06 11.28
24032.87 11.09 710.68 29.28
24049.18 11.02 713.81 8.38
24065.62 11.11 713.12 31.45
24082.00 11.08 725.37 3.82
24098.56 11.12 728.18 3.86
24114.87 11.09 731.50 4.09
24131.12 11.01 734.87 7.33
24147.62 11.11 736.18 4.54
24163.93 11.07 738.68 3.38
24180.50 11.15 741.50 8.59
24196.87 11.09 744.75 12.88
24213.12 11.01 746.75 10.82
24229.56 11.12 748.87 16.32
24245.93 11.07 751.75 15.60
24262.43 11.17 742.00 20.25
24278.81 11.13 749.93 13.27
24295.12 11.01 747.62 13.53
24311.56 11.12 764.18 38.66
24327.87 11.09 756.56 3.87
24344.37 11.12 755.37 4.44
24360.75 11.10 757.12 3.37
24377.12 11.01 760.43 5.79
24393.56 11.12 757.37 4.25
24409.87 11.09 759.37 3.26
24426.25 10.94 757.81 5.83
24442.75 11.10 760.50 5.57
24459.06 11.08 751.18 22.71
24475.56 11.12 759.81 19.93
24491.87 11.09 759.25 4.10
24508.18 11.02 765.06 24.08
24524.68 11.14 754.75 17.04
24541.00 11.08 756.75 7.67
24557.56 11.12 773.18 32.45
24573.87 11.09 757.62 4.53
24590.12 11.01 756.31 5.07
24606.62 11.11 753.18 3.76
24623.00 11.08 755.06 6.71
24639.50 11.15 752.68 4.63
24655.87 11.09 749.37 4.83
24672.12 11.01 746.18 17.09
24688.56 11.12 748.43 6.97
24704.93 11.07 744.18 27.48
24721.50 11.15 747.12 12.74
24737.81 11.13 742.56 9.11
24754.12 11.01 738.81 22.62
24770.56 11.12 736.06 12.68
24786.87 11.09 729.93 7.78
24803.43 11.17 741.25 36.50
24819.75 11.10 727.62 5.51
24836.12 11.01 725.87 5.90
24852.56 11.12 722.00 5.57
24868.87 11.09 721.37 8.44
24885.25 10.94 715.12 4.97
24901.75 11.10 713.06 8.53
24918.12 11.01 707.87 5.73
24934.56 11.12 703.31 5.30
24950.87 11.09 704.31 32.05
24967.25 10.94 695.62 7.38
24983.68 11.14 699.18 25.84
25000.06 11.08 691.43 20.33
25016.56 11.12 689.56 7.19
25032.87 11.09 684.62 9.05
25049.18 11.02 691.68 27.45
25065.62 11.11 677.93 7.62
25082.00 11.08 671.56 5.07
25098.56 11.12 669.00 5.52
25114.87 11.09 665.25 5.23
25131.12 11.01 666.18 8.00
25147.62 11.11 668.06 5.56
25163.93 11.07 673.00 5.38
25180.50 11.15 673.00 17.70
25196.87 11.09 686.31 28.25
25213.12 11.01 685.18 16.35
25229.56 11.12 700.81 18.43
25245.93 11.07 692.43 17.19
25262.43 11.17 696.37 9.29
25278.81 11.13 699.18 11.96
25295.12 11.01 699.75 32.28
25311.56 11.12 699.00 3.41
25327.87 11.09 701.06 7.20
25344.37 11.12 702.37 2.50
25360.75 11.10 702.50 5.43
25377.12 11.01 704.81 5.95
25393.56 11.12 708.25 7.28
25409.87 11.09 706.06 3.05
25426.25 10.94 704.37 4.96
25442.75 11.10 707.43 2.03
25459.06 11.08 705.06 28.97
25475.56 11.12 712.12 10.12
25491.87 11.09 708.18 3.57
25508.18 11.02 700.93 13.47
25524.68 11.14 710.50 12.35
25541.00 11.08 709.43 7.72
25557.56 11.12 701.93 35.87
25573.87 11.09 706.43 2.94
25590.12 11.01 707.12 2.76
25606.62 11.11 706.93 4.79
25623.00 11.08 705.50 2.81
25639.50 11.15 706.00 3.00
25655.87 11.09 704.93 5.19
25672.12 11.01 708.93 21.94
25688.56 11.12 704.25 2.61
25704.93 11.07 707.56 31.12
25721.50 11.15 703.75 9.59
25737.81 11.13 707.62 14.92
25754.12 11.01 707.37 14.18
25770.56 11.12 695.50 23.15
25786.87 11.09 698.62 10.91
25803.43 11.17 713.18 28.40
25819.75 11.10 701.50 5.86
25836.12 11.01 698.93 2.97
25852.56 11.12 696.62 7.62
25868.87 11.09 696.93 3.53
25885.25 10.94 697.18 4.88
25901.75 11.10 697.00 4.27
25918.12 11.01 693.43 5.36
25934.56 11.12 694.25 2.19
25950.87 11.09 694.75 10.08
25967.25 10.94 699.43 12.66
25983.68 11.14 694.37 15.30
26000.06 11.08 693.06 3.42
26016.56 11.12 688.87 11.07
26032.87 11.09 700.56 20.51
26049.18 11.02 685.37 21.90
26065.62 11.11 686.31 14.39
26082.00 11.08 687.31 3.31
26098.56 11.12 687.56 6.84
26114.87 11.09 688.06 2.31
26131.12 11.01 687.81 3.69
26147.62 11.11 687.75 5.45
26163.93 11.07 687.18 5.17
26180.50 11.15 684.25 3.63
26196.87 11.09 680.62 15.38
26213.12 11.01 680.06 30.15
26229.56 11.12 687.62 7.92
26245.93 11.07 677.00 13.31
26262.43 11.17 682.43 14.36
26278.81 11.13 684.75 25.75
26295.12 11.01 688.93 19.91
26311.56 11.12 685.06 13.76
26327.87 11.09 680.25 5.48
26344.37 11.12 679.00 4.87
26360.75 11.10 679.68 2.57
26377.12 11.01 681.12 5.59
26393.56 11.12 679.50 2.50
26409.87 11.09 676.43 5.36
26426.25 10.94 677.56 2.12
26442.75 11.10 677.37 4.06
26459.06 11.08 671.56 19.57
26475.56 11.12 677.18 5.58
26491.87 11.09 675.87 2.34
26508.18 11.02 686.93 20.34
26524.68 11.14 678.56 19.61
26541.00 11.08 672.87 13.77
26557.56 11.12 685.56 20.17
26573.87 11.09 673.81 2.13
26590.12 11.01 675.06 4.21
26606.62 11.11 675.00 2.87
26623.00 11.08 673.18 4.23
26639.50 11.15 673.12 2.89
26655.87 11.09 672.75 4.60
26672.12 11.01 666.31 22.88
26688.56 11.12 672.56 1.80
26704.93 11.07 668.31 40.37
26721.50 11.15 674.56 8.96
26737.81 11.13 671.31 4.93
26754.12 11.01 661.56 20.88
26770.56 11.12 675.18 15.16
26786.87 11.09 677.18 18.71
26803.43 11.17 667.62 24.85
26819.75 11.10 670.31 3.82
26836.12 11.01 672.06 6.30
26852.56 11.12 670.12 2.55
26868.87 11.09 671.68 4.78
26885.25 10.94 668.75 2.73
26901.75 11.10 666.50 5.41
26918.12 11.01 667.81 2.13
26934.56 11.12 669.00 3.84
26950.87 11.09 660.06 43.59
26967.25 10.94 669.56 4.60
26983.68 11.14 667.56 2.91
27000.06 11.08 666.50 23.74
27016.56 11.12 669.25 9.17
27032.87 11.09 674.31 15.36
27049.18 11.02 667.25 18.91
27065.62 11.11 669.31 13.71
27082.00 11.08 666.18 7.28
27098.56 11.12 666.25 2.44
27114.87 11.09 666.50 2.50
27131.12 11.01 663.68 3.60
27147.62 11.11 663.62 6.74
27163.93 11.07 664.93 2.14
27180.50 11.15 665.62 2.31
27196.87 11.09 655.12 32.81
27213.12 11.01 653.81 31.18
27229.56 11.12 665.31 3.92
27245.93 11.07 668.75 16.07
27262.43 11.17 669.68 12.43
27278.81 11.13 660.68 10.20
27295.12 11.01 667.75 12.55
27311.56 11.12 662.37 5.99
27327.87 11.09 665.50 6.78
27344.37 11.12 664.56 3.55
27360.75 11.10 663.00 2.37
27377.12 11.01 662.68 3.62
27393.56 11.12 659.31 7.29
27409.87 11.09 662.00 4.42
27426.25 10.94 662.31 2.57
27442.75 11.10 662.18 2.43
27459.06 11.08 678.37 35.46
27475.56 11.12 660.81 4.53
27491.87 11.09 661.81 2.48
27508.18 11.02 667.56 16.52
27524.68 11.14 663.93 14.69
27541.00 11.08 661.93 3.54
27557.56 11.12 658.18 18.95
27573.87 11.09 660.31 7.00
27590.12 11.01 659.31 5.41
27606.62 11.11 659.18 3.05
27623.00 11.08 658.43 4.36
27639.50 11.15 659.31 4.83
27655.87 11.09 656.68 5.75
27672.12 11.01 661.18 7.61
27688.56 11.12 659.62 1.54
27704.93 11.07 659.50 27.39
27721.50 11.15 655.87 10.82
27737.81 11.13 660.25 2.33
27754.12 11.01 663.93 13.34
27770.56 11.12 661.50 15.80
27786.87 11.09 656.00 6.70
27803.43 11.17 663.37 10.46
27819.75 11.10 667.87 33.22
27836.12 11.01 659.12 4.14
27852.56 11.12 658.31 5.53
27868.87 11.09 657.50 3.36
27885.25 10.94 655.56 6.12
27901.75 11.10 657.87 4.00
27918.12 11.01 657.43 2.06
27934.56 11.12 657.62 3.57
27950.87 11.09 655.18 9.38
27967.25 10.94 650.50 25.49
27983.68 11.14 657.31 3.31
28000.06 11.08 659.25 7.64
28016.56 11.12 656.18 3.32
28032.87 11.09 658.06 16.09
28049.18 11.02 653.12 9.89
28065.62 11.11 654.12 12.02
28082.00 11.08 663.31 34.21
28098.56 11.12 654.62 2.91
28114.87 11.09 656.12 2.71
28131.12 11.01 653.12 5.11
28147.62 11.11 657.18 3.38
28163.93 11.07 657.00 2.78
28180.50 11.15 656.31 4.15
28196.87 11.09 654.43 4.70
28213.12 11.01 653.00 12.52
28229.56 11.12 655.43 3.46
28245.93 11.07 657.25 17.49
28262.43 11.17 657.68 6.15
28278.81 11.13 652.12 24.73
28295.12 11.01 652.25 8.32
28311.56 11.12 656.93 6.94
28327.87 11.09 664.12 33.85
28344.37 11.12 657.43 5.49
28360.75 11.10 655.37 1.65
28377.12 11.01 654.06 5.83
28393.56 11.12 654.56 2.47
28409.87 11.09 654.31 3.27
28426.25 10.94 652.25 4.42
28442.75 11.10 655.43 6.97
28459.06 11.08 655.06 6.89
28475.56 11.12 652.50 3.48
28491.87 11.09 653.12 2.29
28508.18 11.02 653.93 3.40
28524.68 11.14 661.93 16.47
28541.00 11.08 657.75 14.90
28557.56 11.12 656.93 6.42
28573.87 11.09 663.56 33.89
28590.12 11.01 662.87 34.67
28606.62 11.11 655.12 5.87
28623.00 11.08 651.18 4.98
28639.50 11.15 653.62 2.55
28655.87 11.09 654.50 2.92
28672.12 11.01 655.00 6.73
28688.56 11.12 654.18 4.56
28704.93 11.07 655.06 12.60
28721.50 11.15 644.56 18.47
28737.81 11.13 652.62 3.89
28754.12 11.01 652.50 2.69
28770.56 11.12 649.06 10.19
28786.87 11.09 660.31 20.99
28803.43 11.17 653.31 8.34
28819.75 11.10 655.62 6.02
28836.12 11.01 661.87 33.65
28852.56 11.12 650.50 3.84
28868.87 11.09 653.37 2.62
28885.25 10.94 652.87 3.74
28901.75 11.10 652.00 2.12
28918.12 11.01 651.68 2.82
28934.56 11.12 650.25 5.85
28950.87 11.09 656.93 11.93
28967.25 10.94 654.12 8.47
28983.68 11.14 648.87 8.80
29000.06 11.08 652.68 2.49
29016.56 11.12 652.43 1.80
29032.87 11.09 661.31 19.99
29049.18 11.02 656.06 9.83
29065.62 11.11 652.93 5.10
29082.00 11.08 651.56 2.62
29098.56 11.12 653.18 5.31
29114.87 11.09 653.31 4.84
29131.12 11.01 651.75 5.23
29147.62 11.11 651.25 3.70
29163.93 11.07 651.31 1.93
29180.50 11.15 649.43 4.62
29196.87 11.09 653.75 13.29
29213.12 11.01 651.37 2.42
29229.56 11.12 649.93 3.47
29245.93 11.07 648.37 9.39
29262.43 11.17 651.93 5.39
29278.81 11.13 655.12 15.83
29295.12 11.01 649.81 6.34
29311.56 11.12 652.50 3.94
29327.87 11.09 668.50 43.12
29344.37 11.12 651.50 7.12
29360.75 11.10 651.68 2.99
29377.12 11.01 651.87 3.41
29393.56 11.12 652.56 2.78
29409.87 11.09 650.50 2.72
29426.25 10.94 648.31 5.55
29442.75 11.10 648.93 3.01
29459.06 11.08 648.18 14.39
29475.56 11.12 651.25 6.40
29491.87 11.09 650.68 3.12
29508.18 11.02 650.06 4.38
29524.68 11.14 648.37 19.16
29541.00 11.08 650.56 2.03
29557.56 11.12 648.81 6.57
29573.87 11.09 655.00 15.44
29590.12 11.01 652.68 10.70
29606.62 11.11 650.18 7.09
29623.00 11.08 649.18 3.80
29639.50 11.15 650.62 3.24
29655.87 11.09 650.43 3.28
29672.12 11.01 649.31 6.57
29688.56 11.12 649.56 2.94
29704.93 11.07 651.37 9.67
29721.50 11.15 650.12 4.95
29737.81 11.13 648.62 4.33
29754.12 11.01 648.00 7.61
29770.56 11.12 647.68 12.64
29786.87 11.09 652.06 8.25
29803.43 11.17 651.43 4.58
29819.75 11.10 661.25 33.69
29836.12 11.01 651.06 6.08
29852.56 11.12 651.68 6.57
29868.87 11.09 649.68 2.28
29885.25 10.94 650.25 6.67
29901.75 11.10 650.43 1.94
29918.12 11.01 649.00 5.02
29934.56 11.12 648.31 3.70
29950.87 11.09 652.06 15.83
29967.25 10.94 648.31 3.75
29983.68 11.14 652.37 5.94
30000.06 11.08 649.81 5.05
30016.56 11.12 649.06 2.02
30032.87 11.09 641.87 16.98
30049.18 11.02 653.68 15.89
30065.62 11.11 647.62 5.97
30082.00 11.08 655.50 15.48
30098.56 11.12 649.12 6.79
30114.87 11.09 647.87 4.43
30131.12 11.01 647.56 5.70
30147.62 11.11 649.75 4.21
30163.93 11.07 648.18 2.70
30180.50 11.15 648.81 4.81
30196.87 11.09 649.37 3.04
30213.12 11.01 650.06 12.65
30229.56 11.12 648.50 9.24
30245.93 11.07 653.06 17.51
30262.43 11.17 648.75 13.36
30278.81 11.13 642.87 22.29
30295.12 11.01 649.81 2.10
30311.56 11.12 650.62 5.55
30327.87 11.09 657.00 16.96
30344.37 11.12 650.31 5.65
30360.75 11.10 648.87 2.69
30377.12 11.01 647.93 2.22
30393.56 11.12 649.00 3.08
30409.87 11.09 648.31 1.93
30426.25 10.94 646.81 2.72
30442.75 11.10 650.93 4.53
30459.06 11.08 650.62 11.93
30475.56 11.12 643.56 9.06
30491.87 11.09 648.62 2.60
30508.18 11.02 639.31 20.39
30524.68 11.14 644.93 16.48
30541.00 11.08 651.31 13.31
30557.56 11.12 649.81 3.03
30573.87 11.09 651.00 10.87
30590.12 11.01 650.87 7.74
30606.62 11.11 648.93 2.97
30623.00 11.08 649.00 5.98
30639.50 11.15 648.37 2.83
30655.87 11.09 646.12 4.94
30672.12 11.01 647.06 4.49
30688.56 11.12 646.93 2.41
30704.93 11.07 651.37 20.49
30721.50 11.15 647.43 13.70
30737.81 11.13 650.12 6.14
30754.12 11.01 652.06 16.28
30770.56 11.12 647.31 20.83
30786.87 11.09 639.12 22.62
30803.43 11.17 647.12 3.97
30819.75 11.10 650.87 13.47
30836.12 11.01 652.18 10.78
30852.56 11.12 647.12 6.01
30868.87 11.09 647.06 2.75
30885.25 10.94 646.93 2.77
30901.75 11.10 647.62 3.22
30918.12 11.01 647.62 3.14
30934.56 11.12 646.37 3.16
30950.87 11.09 644.81 13.19
30967.25 10.94 646.81 5.49
30983.68 11.14 647.25 16.40
31000.06 11.08 645.43 21.07
31016.56 11.12 645.68 8.63
31032.87 11.09 646.37 20.25
31049.18 11.02 648.18 3.59
31065.62 11.11 648.18 2.13
31082.00 11.08 643.25 31.70
31098.56 11.12 648.75 3.29
31114.87 11.09 647.75 2.28
31131.12 11.01 648.12 3.22
31147.62 11.11 648.18 6.13
31163.93 11.07 646.93 1.92
31180.50 11.15 646.31 2.91
31196.87 11.09 637.87 23.78
31213.12 11.01 643.18 9.40
31229.56 11.12 641.93 20.58
31245.93 11.07 644.56 12.75
31262.43 11.17 643.12 11.77
31278.81 11.13 652.43 17.95
31295.12 11.01 648.87 4.00
31311.56 11.12 646.18 2.40
31327.87 11.09 647.50 9.87
31344.37 11.12 646.43 4.23
31360.75 11.10 647.87 1.49
31377.12 11.01 647.81 2.24
31393.56 11.12 649.18 5.22
31409.87 11.09 647.81 2.79
31426.25 10.94 646.81 3.15
31442.75 11.10 646.87 4.59
31459.06 11.08 652.75 36.30
31475.56 11.12 653.37 19.24
31491.87 11.09 643.87 14.04
31508.18 11.02 641.56 22.00
31524.68 11.14 647.93 17.96
31541.00 11.08 647.68 5.90
31557.56 11.12 646.50 5.16
31573.87 11.09 647.62 10.59
31590.12 11.01 648.12 2.18
31606.62 11.11 647.62 2.00
31623.00 11.08 647.00 2.21
31639.50 11.15 647.56 2.34
31655.87 11.09 647.18 6.31
31672.12 11.01 650.18 8.44
31688.56 11.12 647.93 2.68
31704.93 11.07 645.12 19.55
31721.50 11.15 651.25 13.86
31737.81 11.13 642.18 14.52
31754.12 11.01 641.68 11.48
31770.56 11.12 646.68 10.92
31786.87 11.09 643.62 8.40
31803.43 11.17 647.93 3.70
31819.75 11.10 648.00 4.58
31836.12 11.01 646.18 5.39
31852.56 11.12 648.00 2.58
31868.87 11.09 647.62 3.16
31885.25 10.94 647.25 3.36
31901.75 11.10 646.43 4.40
31918.12 11.01 646.62 2.37
31934.56 11.12 646.31 2.80
31950.87 11.09 643.56 16.15
31967.25 10.94 642.62 15.24
31983.68 11.14 637.18 23.84
32000.06 11.08 640.75 15.05
32016.56 11.12 645.37 3.33
32032.87 11.09 644.81 10.09
32049.18 11.02 650.81 15.29
32065.62 11.11 646.43 3.95
32082.00 11.08 644.81 4.16
32098.56 11.12 645.62 2.23
32114.87 11.09 646.56 2.45
32131.12 11.01 647.31 2.54
32147.62 11.11 646.50 4.37
32163.93 11.07 645.87 4.17
32180.50 11.15 646.81 3.40
32196.87 11.09 639.18 15.55
32213.12 11.01 643.75 15.49
32229.56 11.12 642.37 17.13
32245.93 11.07 642.25 17.25
32262.43 11.17 647.62 4.55
32278.81 11.13 647.00 15.10
32295.12 11.01 646.50 2.15
32311.56 11.12 646.68 2.02
32327.87 11.09 643.37 6.87
32344.37 11.12 646.75 2.51
32360.75 11.10 645.50 2.24
32377.12 11.01 646.75 2.33
32393.56 11.12 645.18 3.49
32409.87 11.09 647.81 5.21
32426.25 10.94 646.75 3.13
32442.75 11.10 645.06 3.47
32459.06 11.08 641.81 17.30
32475.56 11.12 652.12 10.09
32491.87 11.09 643.00 12.52
32508.18 11.02 645.50 9.82
32524.68 11.14 640.25 17.40
32541.00 11.08 644.06 11.27
32557.56 11.12 646.93 3.83
32573.87 11.09 644.18 5.89
32590.12 11.01 646.50 1.97
32606.62 11.11 644.93 2.70
32623.00 11.08 647.12 2.87
32639.50 11.15 646.50 2.37
32655.87 11.09 648.25 6.71
32672.12 11.01 644.93 4.28
32688.56 11.12 645.68 2.54
32704.93 11.07 641.18 9.68
32721.50 11.15 649.43 11.60
32737.81 11.13 643.75 9.54
32754.12 11.01 645.75 4.62
32770.56 11.12 652.37 17.93
32786.87 11.09 639.43 18.23
32803.43 11.17 646.93 3.85
32819.75 11.10 654.93 37.53
32836.12 11.01 643.68 8.24
32852.56 11.12 646.31 4.44
32868.87 11.09 645.81 2.88
32885.25 10.94 646.93 3.13
32901.75 11.10 646.12 2.09
32918.12 11.01 646.87 2.80
32934.56 11.12 646.25 2.28
32950.87 11.09 645.12 4.17
32967.25 10.94 644.81 2.77
32983.68 11.14 647.37 5.64
33000.06 11.08 646.25 2.56
33016.56 11.12 647.56 3.22
33032.87 11.09 637.37 20.96
33049.18 11.02 646.00 4.50
33065.62 11.11 645.87 2.12
33082.00 11.08 657.37 35.84
33098.56 11.12 644.81 2.43
33114.87 11.09 645.18 2.32
33131.12 11.01 644.81 2.35
33147.62 11.11 647.37 6.01
33163.93 11.07 644.00 2.45
33180.50 11.15 645.06 2.38
33196.87 11.09 644.37 3.85
33213.12 11.01 647.31 4.10
33229.56 11.12 646.81 4.29
33245.93 11.07 650.50 15.58
33262.43 11.17 645.93 1.30
33278.81 11.13 634.50 23.81
33295.12 11.01 645.18 1.88
33311.56 11.12 645.18 2.32
33327.87 11.09 654.43 38.29
33344.37 11.12 645.75 2.28
33360.75 11.10 647.68 8.97
33377.12 11.01 644.87 2.34
33393.56 11.12 645.25 3.56
33409.87 11.09 645.18 2.04
33426.25 10.94 645.25 2.05
33442.75 11.10 644.75 3.56
33459.06 11.08 647.12 6.82
33475.56 11.12 643.81 6.13
33491.87 11.09 647.06 3.11
33508.18 11.02 644.75 5.29
33524.68 11.14 646.00 18.74
33541.00 11.08 644.12 7.06
33557.56 11.12 648.37 9.60
33573.87 11.09 658.18 38.32
