2 0
55 566
72 494
88 558
104 548
121 522
137 530
153 510
170 497
186 498
203 480
219 468
235 456
252 445
268 435
285 422
301 415
317 399
334 390
350 383
367 373
383 364
399 351
416 346
432 336
449 328
465 320
481 312
498 312
514 300
531 294
547 334
563 281
580 276
597 234
614 267
630 264
646 239
663 253
679 253
696 248
712 251
728 249
745 248
761 242
778 242
794 256
810 248
827 242
843 245
860 250
876 250
892 252
909 254
925 258
942 262
958 264
974 273
991 274
1007 280
1023 294
1040 296
1056 296
1073 332
1089 306
1105 316
1122 260
1138 336
1155 339
1171 345
1187 359
1204 367
1220 370
1237 385
1253 392
1269 413
1286 415
1302 423
1319 454
1335 449
1351 457
1368 468
1384 479
1401 491
1417 500
1433 514
1450 525
1466 548
1482 546
1499 562
1515 573
1532 589
1548 617
1564 612
1581 621
1598 651
1615 644
1631 658
1648 676
1664 683
1680 695
1697 744
1713 716
1730 729
1746 743
1762 751
1779 766
1795 775
1812 783
1828 793
1844 803
1861 817
1877 826
1893 839
1910 851
1926 856
1943 863
1959 873
1975 883
1992 888
2008 898
2025 906
2041 914
2057 922
2074 928
2090 934
2107 941
2123 943
2139 953
2156 954
2172 976
2189 962
2205 967
2221 837
2238 975
2254 975
2271 974
2287 980
2303 981
2320 983
2336 990
2352 984
2369 987
2385 987
2402 983
2418 985
2434 984
2451 980
2467 977
2484 976
2500 975
2516 970
2533 970
2549 960
2566 960
2582 957
2600 948
2616 947
2632 936
2649 931
2665 925
2682 920
2698 920
2714 905
2731 896
2747 840
2763 883
2780 875
2796 873
2813 856
2829 845
2845 843
2862 829
2878 820
2895 819
2911 798
2927 786
2944 779
2960 769
2977 758
2993 747
3009 737
3026 726
3042 715
3059 703
3075 692
3091 681
3108 669
3124 660
3141 648
3157 635
3173 586
3190 614
3206 605
3222 640
3239 581
3255 571
3272 550
3288 547
3304 538
3321 519
3337 514
3354 505
3370 511
3386 483
3403 476
3419 462
3436 455
3452 447
3468 428
3485 427
3501 420
3518 410
3534 400
3550 402
3567 387
3583 381
3601 374
3617 371
3633 364
3650 354
3666 342
3683 341
3699 336
3715 332
3732 326
3748 301
3765 315
3781 313
3797 299
3814 310
3830 304
3847 312
3863 302
3879 303
3896 310
3912 293
3928 297
3945 289
3961 295
3978 297
3994 294
4010 299
4027 302
4043 304
4060 303
4076 312
4092 311
4109 316
4125 315
4142 323
4158 325
4174 330
4191 332
4207 340
4224 349
4240 354
4256 358
4273 366
4289 371
4306 382
4322 409
4338 392
4355 400
4371 423
4387 416
4404 427
4420 434
4437 445
4453 450
4469 453
4486 468
4502 481
4519 479
4535 499
4551 511
4568 519
4584 525
4601 538
4618 549
4634 557
4650 569
4667 580
4683 593
4700 601
4716 612
4732 622
4749 631
4765 641
4782 655
4798 661
4814 674
4831 685
4847 633
4864 703
4880 713
4896 816
4913 736
4929 745
4945 744
4962 762
4978 774
4995 782
5011 790
5027 801
5044 790
5060 817
5077 824
5093 828
5109 837
5126 846
5142 852
5159 859
5175 867
5191 872
5208 879
5224 884
5241 890
5257 894
5273 898
5290 907
5306 907
5323 888
5339 916
5355 917
5372 932
5388 922
5404 930
5421 934
5437 934
5454 935
5470 937
5486 937
5503 937
5519 935
5536 937
5552 937
5568 960
5585 938
5601 935
5618 930
5634 928
5651 928
5667 924
5683 924
5700 919
5716 917
5732 905
5749 908
5765 903
5782 899
5798 836
5814 888
5831 881
5847 933
5864 867
5880 865
5896 867
5913 850
5929 840
5946 855
5962 825
5978 818
5995 814
6011 804
6028 794
6044 778
6060 775
6077 773
6093 758
6110 752
6126 740
6142 736
6159 725
6175 715
6191 701
6208 693
6224 685
6241 677
6257 666
6273 655
6290 646
6306 633
6323 629
6339 621
6355 611
6372 610
6388 586
6405 578
6421 568
6437 557
6454 552
6470 557
6487 533
6503 525
6519 514
6536 508
6552 499
6569 489
6585 483
6601 475
6618 464
6634 455
6651 450
6667 444
6683 437
6700 427
6716 420
6732 416
6749 411
6765 403
6782 394
6798 374
6814 387
6831 381
6847 336
6864 372
6880 368
6896 387
6913 361
6929 363
6946 364
6962 351
6978 350
6995 343
7011 348
7028 347
7044 350
7060 347
7077 343
7093 342
7110 342
7126 344
7142 346
7159 345
7175 346
7191 349
7208 349
7224 346
7241 355
7257 361
7273 360
7290 361
7306 364
7323 339
7339 377
7355 380
7372 395
7388 390
7405 396
7421 400
7437 405
7454 410
7470 417
7487 423
7503 431
7519 433
7536 444
7552 447
7569 459
7585 472
7601 472
7618 480
7634 488
7651 496
7667 502
7683 512
7700 524
7716 528
7733 537
7749 548
7765 552
7782 564
7798 583
7815 581
7831 590
7847 599
7864 610
7880 615
7897 554
7913 637
7929 643
7946 648
7962 662
7978 669
7995 679
8011 692
8028 702
8044 699
8060 712
8077 721
8093 726
8110 733
8126 744
8142 754
8159 759
8175 769
8192 778
8208 780
8224 789
8241 798
8257 801
8274 810
8290 818
8306 821
8323 822
8339 831
8356 836
8372 830
8388 851
8405 852
8421 854
8437 858
8454 869
8470 878
8487 874
8503 918
8519 873
8536 881
8552 873
8569 883
8585 883
8601 889
8618 892
8634 890
8651 879
8667 889
8683 893
8700 891
8716 891
8733 890
8749 888
8765 889
8782 884
8798 885
8815 878
8831 880
8847 874
8864 871
8880 863
8897 867
8913 860
8929 858
8946 856
8962 852
8978 845
8995 837
9011 839
9028 850
9044 825
9060 817
9077 801
9093 807
9110 806
9126 797
9142 789
9159 776
9175 773
9192 769
9208 760
9224 748
9241 744
9257 735
9274 742
9290 722
9306 712
9323 699
9339 699
9356 692
9372 684
9388 671
9405 667
9421 656
9437 647
9454 641
9470 633
9487 620
9503 612
9519 602
9536 600
9552 589
9569 569
9585 571
9601 564
9618 560
9634 551
9651 542
9667 533
9683 526
9700 517
9716 515
9733 505
9749 498
9765 491
9782 487
9798 480
9815 472
9831 467
9847 512
9864 454
9880 448
9897 480
9913 436
9929 439
9946 431
9962 421
9979 422
9995 425
10011 413
10028 411
10044 402
10060 399
10077 397
10093 390
10110 395
10126 394
10142 391
10159 385
10175 392
10192 388
10208 391
10224 382
10241 383
10257 386
10274 387
10290 389
10306 387
10323 433
10339 389
10356 392
10372 415
10388 398
10405 401
10421 400
10438 402
10454 404
10470 404
10487 409
10503 419
10519 412
10536 421
10552 428
10569 425
10585 434
10602 437
10618 450
10634 455
10651 456
10667 466
10684 468
10700 475
10716 482
10733 486
10749 493
10766 505
10782 507
10798 514
10815 519
10831 528
10847 533
10864 538
10880 549
10897 595
10913 566
10929 569
10946 710
10962 586
10979 591
10995 607
11011 604
11028 616
11044 611
11061 631
11077 637
11093 641
11110 655
11126 661
11143 669
11159 675
11175 684
11192 692
11208 701
11225 704
11241 713
11257 720
11274 727
11290 731
11306 739
11323 709
11339 752
11356 758
11372 771
11388 772
11405 772
11421 780
11438 787
11454 793
11470 791
11487 802
11503 808
11520 823
11536 818
11552 817
11569 817
11585 829
11602 830
11618 835
11634 838
11651 837
11667 843
11684 844
11700 846
11716 847
11733 851
11749 854
11765 854
11782 854
11798 854
11815 854
11831 853
11847 857
11864 853
11880 853
11897 902
11913 851
11929 850
11946 857
11962 844
11979 849
11995 844
12011 843
12028 837
12044 830
12061 830
12077 829
12093 811
12110 823
12126 820
12143 814
12159 809
12175 804
12192 798
12208 795
12224 793
12241 785
12257 779
12274 772
12290 771
12306 765
12323 751
12339 748
12356 746
12372 743
12388 732
12405 728
12421 718
12438 711
12454 708
12470 695
12487 692
12503 686
12520 677
12536 673
12552 665
12569 662
12585 650
12602 640
12618 631
12634 629
12651 621
12667 614
12684 607
12700 594
12716 591
12733 582
12749 577
12766 571
12782 563
12798 560
12815 551
12831 545
12848 538
12864 531
12880 523
12897 480
12913 513
12930 513
12946 501
12962 497
12979 494
12995 493
13011 482
13028 477
13044 475
13061 469
13077 464
13093 455
13110 453
13126 449
13143 448
13159 444
13175 440
13192 439
13208 432
13225 435
13241 428
13257 427
13274 427
13290 424
13307 421
13323 384
13339 423
13356 426
13372 406
13389 421
13405 416
13421 421
13438 420
13454 418
13470 427
13487 418
13503 420
13520 419
13536 422
13552 437
13569 422
13585 430
13602 432
13618 433
13634 447
13651 444
13667 446
13684 442
13700 453
13716 453
13733 460
13749 462
13766 469
13782 474
13798 486
13815 486
13831 490
13848 503
13864 499
13880 503
13897 532
13913 512
13930 521
13946 603
13962 535
13979 536
13995 539
14011 548
14028 556
14044 561
14061 569
14077 576
14093 603
14110 589
14126 595
14143 603
14159 610
14175 612
14192 622
14208 625
14225 634
14241 643
14257 647
14274 651
14290 659
14307 665
14323 654
14339 678
14356 686
14372 694
14389 697
14405 704
14421 712
14438 714
14454 720
14470 736
14487 734
14503 737
14520 742
14536 748
14552 753
14569 766
14585 765
14602 768
14618 802
14634 777
14651 780
14667 786
14684 789
14700 792
14716 792
14733 802
14749 801
14766 804
14782 805
14798 809
14815 808
14831 815
14848 861
14864 817
14880 817
14897 793
14913 821
14930 825
14946 858
14962 817
14979 825
14995 827
15011 825
15028 826
15044 815
15061 825
15077 818
15093 819
15110 817
15126 817
15143 817
15159 817
15175 807
15192 808
15208 805
15225 804
15241 801
15257 798
15274 792
15290 793
15307 786
15323 781
15339 780
15356 773
15372 785
15389 768
15405 758
15421 759
15438 757
15454 746
15470 753
15487 736
15503 734
15520 714
15536 718
15552 716
15569 704
15585 707
15602 702
15618 686
15634 687
15651 682
15667 678
15684 670
15700 667
15716 656
15733 647
15749 646
15766 644
15782 631
15798 627
15815 620
15831 614
15848 609
15864 604
15880 590
15897 613
15913 584
15930 578
15946 670
15962 565
15979 560
15995 555
16011 550
16028 544
16044 537
16061 537
16077 529
16093 533
16110 519
16126 512
16143 506
16159 507
16175 502
16192 498
16208 492
16225 489
16241 484
16257 486
16274 475
16290 483
16307 467
16323 473
16339 465
16356 463
16372 454
16389 460
16405 459
16421 461
16438 455
16454 450
16470 427
16487 451
16503 447
16520 452
16536 448
16552 447
16569 435
16585 452
16602 452
16618 462
16634 449
16651 446
16667 452
16684 451
16700 455
16716 454
16733 446
16749 458
16766 462
16782 459
16798 464
16815 466
16831 470
16848 340
16864 476
16880 477
16897 540
16913 489
16930 490
16946 557
16962 497
16979 503
16995 489
17011 511
17028 517
17044 519
17061 526
17077 532
17093 543
17110 539
17126 545
17143 547
17159 556
17175 556
17192 566
17208 567
17225 577
17241 582
17257 590
17274 594
17290 599
17307 604
17323 608
17339 617
17356 621
17372 648
17389 631
17405 641
17421 647
17438 647
17454 655
17470 646
17487 672
17503 676
17520 685
17536 679
17552 692
17569 696
17585 697
17602 707
17618 691
17634 713
17651 719
17667 724
17684 730
17700 736
17716 736
17733 745
17749 747
17766 753
17782 753
17798 754
17815 761
17831 768
17848 745
17864 773
17880 775
17897 782
17913 783
17930 787
17946 826
17962 787
17979 790
17995 801
18011 792
18028 795
18044 777
18061 799
18077 802
18093 792
18110 798
18126 799
18143 801
18159 802
18175 800
18192 800
18208 802
18225 796
18241 797
18257 796
18274 797
18290 794
18307 793
18323 786
18339 790
18356 787
18372 773
18389 780
18405 781
18421 782
18438 773
18454 771
18470 906
18487 765
18503 762
18520 755
18536 753
18552 751
18569 750
18585 746
18602 742
18618 726
18634 727
18651 725
18667 726
18684 717
18700 712
18716 705
18733 706
18749 697
18766 693
18782 687
18798 680
18815 673
18831 674
18848 637
18864 660
18880 657
18897 702
18913 644
18930 640
18946 650
18962 628
18979 624
18995 615
19011 613
19028 608
19044 592
19061 594
19077 590
19093 559
19110 580
19126 575
19143 572
19159 567
19175 560
19192 555
19208 552
19225 548
19241 540
19257 537
19274 529
19290 528
19307 524
19323 527
19339 518
19356 512
19372 509
19389 506
19405 506
19421 504
19438 498
19454 494
19470 462
19487 490
19503 488
19520 511
19536 482
19552 483
19569 474
19585 479
19602 478
19618 462
19634 471
19651 470
19667 473
19684 467
19700 471
19716 469
19733 472
19749 466
19766 472
19782 467
19798 468
19815 472
19831 475
19848 457
19864 476
19880 474
19897 502
19913 478
19930 480
19946 504
19962 482
19979 482
19995 489
20011 493
20028 497
20044 501
20061 501
20077 504
20093 506
20110 508
20126 514
20143 520
20159 519
20175 525
20192 529
20208 527
20225 538
20241 543
20257 549
20274 549
20290 553
20307 553
20323 563
20339 566
20356 571
20372 576
20389 577
20405 586
20421 591
20438 595
20454 599
20470 626
20487 613
20503 616
20520 615
20536 626
20552 629
20569 619
20585 640
20602 645
20618 644
20634 658
20651 663
20667 666
20684 670
20700 675
20716 679
20733 686
20749 690
20766 697
20782 695
20798 703
20815 706
20831 711
20848 713
20864 720
20880 721
20897 734
20913 730
20930 735
20946 740
20962 743
20979 744
20995 766
21011 751
21028 755
21044 759
21061 761
21077 761
21093 767
21110 762
21126 766
21143 766
21159 771
21175 773
21192 773
21208 772
21225 777
21241 777
21257 777
21274 774
21290 780
21307 779
21323 778
21339 780
21356 781
21372 771
21389 776
21405 777
21421 777
21438 773
21454 773
21470 780
21487 771
21503 767
21520 784
21536 767
21552 761
21569 767
21585 757
21602 755
21618 754
21634 752
21651 746
21667 748
21684 743
21700 738
21716 735
21733 733
21749 727
21766 725
21782 723
21798 719
21815 706
21831 708
21848 763
21864 700
21880 698
21897 709
21913 687
21930 686
21946 689
21962 678
21979 670
21995 650
22011 658
22028 654
22044 661
22061 645
22077 644
22093 643
22110 630
22126 631
22143 623
22159 619
22175 615
22192 610
22208 602
22225 601
22241 596
22257 593
22274 583
22290 581
22307 579
22323 576
22339 569
22356 564
22372 548
22389 555
22405 554
22421 550
22438 545
22454 544
22470 553
22487 533
22503 530
22520 527
22536 524
22552 524
22569 518
22585 517
22602 515
22618 512
22634 508
22651 503
22667 504
22684 501
22700 501
22716 495
22733 500
22749 495
22766 497
22782 495
22798 493
22815 490
22831 490
22848 473
22864 489
22880 489
22897 440
22913 487
22930 492
22946 494
22962 489
22979 491
22995 488
23011 494
23028 495
23044 488
23061 498
23077 498
23093 501
23110 502
23126 501
23143 508
23159 507
23175 508
23192 513
23208 514
23225 519
23241 523
23257 527
23274 523
23290 530
23307 532
23323 536
23339 536
23356 542
23372 549
23389 549
23405 558
23421 557
23438 560
23454 567
23470 565
23487 576
23503 581
23520 582
23536 595
23552 591
23569 601
23585 596
23602 605
23618 630
23634 609
23651 615
23667 619
23684 624
23700 629
23716 630
23733 638
23749 640
23766 649
23782 665
23798 655
23815 657
23831 663
23848 658
23864 673
23880 675
23897 674
23913 686
23930 687
23946 672
23962 696
23979 696
23995 696
24011 704
24028 710
24044 723
24061 719
24077 724
24093 721
24110 725
24126 730
24143 731
24159 733
24175 738
24192 738
24208 740
24225 748
24241 744
24257 750
24274 751
24290 750
24307 751
24323 753
24339 757
24356 754
24372 767
24389 759
24405 758
24421 758
24438 759
24454 759
24470 796
24487 759
24503 756
24520 764
24536 757
24552 756
24569 757
24585 756
24602 756
24618 753
24634 753
24651 752
24667 753
24684 749
24700 748
24716 738
24733 739
24749 740
24766 742
24782 739
24798 733
24815 735
24831 730
24848 722
24864 725
24880 717
24897 711
24913 710
24930 711
24946 684
24962 702
24979 699
24995 704
25011 690
25028 690
25044 695
25061 682
25077 675
25093 661
25110 671
25126 669
25143 660
25159 675
25175 674
25192 684
25208 687
25225 689
25241 691
25257 700
25274 694
25290 697
25307 692
25323 703
25339 702
25356 705
25372 702
25389 705
25405 704
25421 706
25438 707
25454 713
25470 709
25487 706
25503 707
25520 705
25536 719
25552 709
25569 709
25585 704
25602 707
25618 716
25634 706
25651 706
25667 704
25684 701
25700 705
25716 702
25733 704
25749 701
25766 701
25782 699
25798 704
25815 699
25831 700
25848 697
25864 700
25880 697
25897 691
25913 697
25930 698
25946 639
25962 696
25979 689
25995 686
26011 691
26028 691
26044 687
26061 689
26077 688
26093 689
26110 691
26126 688
26143 698
26159 684
26175 685
26192 683
26208 684
26225 681
26241 679
26257 683
26274 682
26290 682
26307 680
26323 681
26339 678
26356 680
26372 630
26389 676
26405 677
26421 678
26438 677
26454 679
26470 671
26487 677
26503 673
26520 675
26536 674
26552 677
26569 671
26585 675
26602 677
26618 672
26634 678
26651 671
26667 671
26684 671
26700 667
26716 669
26733 671
26749 669
26766 665
26782 672
26798 671
26815 669
26831 672
26848 672
26864 670
26880 670
26897 659
26913 666
26930 668
26946 616
26962 666
26979 668
26995 672
27011 668
27028 664
27044 655
27061 665
27077 664
27093 674
27110 666
27126 665
27143 657
27159 668
27175 663
27192 663
27208 657
27225 661
27241 659
27257 669
27274 661
27290 665
27307 661
27323 663
27339 659
27356 662
27372 579
27389 663
27405 659
27421 667
27438 659
27454 661
27470 663
27487 661
27503 660
27520 663
27536 659
27552 659
27569 659
27585 660
27602 659
27618 660
27634 659
27651 658
27667 660
27684 658
27700 660
27716 657
27733 659
27749 659
27766 659
27782 663
27798 658
27815 654
27831 654
27848 652
27864 660
27880 656
27897 661
27913 656
27930 658
27946 666
27962 658
27979 653
27995 672
28011 652
28028 655
28044 648
28061 656
28077 655
28093 656
28110 655
28126 654
28143 651
28159 657
28175 657
28192 657
28208 656
28225 666
28241 653
28257 656
28274 656
28290 654
28307 652
28323 656
28339 651
28356 654
28372 736
28389 650
28405 653
28421 654
28438 656
28454 650
28470 694
28487 655
28503 651
28520 641
28536 653
28552 652
28569 654
28585 644
28602 653
28618 644
28634 652
28651 656
28667 652
28684 651
28700 652
28716 654
28733 651
28749 653
28766 653
28782 649
28798 649
28815 650
28831 648
28848 647
28864 653
28880 654
28897 656
28913 649
28930 647
28946 720
28962 651
28979 649
28995 646
29011 647
29028 651
29044 636
29061 649
29077 645
29093 653
29110 644
29126 654
29143 651
29159 651
29175 650
29192 648
29208 645
29225 652
29241 652
29257 652
29274 649
29290 648
29307 648
29323 647
29339 647
29356 650
29372 652
29389 643
29405 646
29421 648
29438 650
29454 647
29470 652
29487 651
29503 650
29520 642
29536 646
29552 651
29569 644
29585 649
29602 649
29618 644
29634 648
29651 651
29667 651
29684 649
29700 647
29716 649
29733 646
29749 646
29766 650
29782 651
29798 652
29815 645
29831 650
29848 646
29864 645
29880 651
29897 647
29913 650
29930 648
29946 637
29962 655
29979 649
29995 653
30011 649
30028 647
30044 645
30061 650
30077 653
30093 653
30110 649
30126 647
30143 649
30159 645
30175 651
30192 650
30208 649
30225 646
30241 650
30257 651
30274 648
30290 653
30307 654
30323 648
30339 645
30356 645
30372 674
30389 649
30405 649
30421 649
30438 647
30454 650
30470 626
30487 646
30503 645
30520 670
30536 647
30552 651
30569 656
30585 645
30602 648
30618 648
30634 645
30651 648
30667 649
30684 648
30700 648
30716 648
30733 650
30749 646
30766 644
30782 646
30798 649
30815 647
30831 648
30848 650
30864 648
30880 649
30897 647
30913 647
30930 646
30946 709
30962 649
30979 648
30995 651
31011 648
31028 650
31044 667
31061 643
31077 645
31093 651
31110 649
31126 649
31143 637
31159 646
31175 646
31192 647
31208 644
31225 646
31241 645
31257 652
31274 650
31290 649
31307 645
31323 648
31339 644
31356 647
31372 653
31389 648
31405 647
31421 648
31438 647
31454 646
31470 604
31487 648
31503 649
31520 635
31536 644
31552 645
31569 654
31585 645
31602 645
31618 650
31634 649
31651 648
31667 645
31684 644
31700 646
31716 643
31733 649
31749 647
31766 647
31782 647
31798 647
31815 645
31831 646
31848 643
31864 649
31880 644
31897 612
31913 643
31930 646
31946 669
31962 646
31979 645
31995 632
32011 643
32028 648
32044 644
32061 647
32077 644
32093 647
32110 646
32126 645
32143 660
32159 645
32175 646
32192 649
32208 649
32225 643
32241 641
32257 648
32274 644
32290 645
32307 646
32323 647
32339 648
32356 646
32372 737
32389 653
32405 647
32421 644
32438 645
32454 648
32470 616
32487 646
32503 643
32520 640
32536 648
32552 647
32569 643
32585 647
32602 649
32618 642
32634 645
32651 645
32667 646
32684 642
32700 645
32716 643
32733 647
32749 651
32766 647
32782 645
32798 646
32815 640
32831 649
32848 645
32864 644
32880 646
32897 597
32913 645
32930 647
32946 692
32962 644
32979 646
32995 641
33011 645
33028 646
33044 650
33061 648
33077 644
33093 652
33110 644
33126 647
33143 662
33159 648
33175 644
33192 645
33208 647
33225 648
33241 646
33257 647
33274 645
33290 646
33307 641
33323 646
33339 645
33356 644
33372 663
33389 648
33405 642
33421 647
33438 643
33454 653
33470 579
33487 650
33503 642
33520 649
33536 644
33552 649
33569 644
33585 645
33602 645
