1.93 0.24 1429.56 33.80
20.43 8.93 1378.37 28.66
36.93 8.81 1336.18 26.64
53.31 8.95 1286.81 25.08
69.62 9.14 1236.43 27.14
86.31 9.22 1195.43 25.37
102.56 9.16 1148.81 24.49
119.06 9.04 1105.87 23.95
135.43 9.18 1064.43 24.52
151.68 9.13 1025.87 31.24
168.25 8.98 979.12 24.00
184.56 9.16 936.62 22.53
201.12 9.03 898.43 26.07
217.50 9.17 859.06 20.20
233.81 9.10 816.31 25.45
250.25 8.99 785.00 19.20
266.56 9.16 754.81 19.10
283.06 9.04 733.31 37.16
299.56 9.17 689.93 17.02
315.93 9.09 661.25 16.13
332.31 8.99 630.12 19.73
348.75 9.13 605.31 15.78
365.12 9.05 582.06 24.70
381.56 9.17 561.93 13.88
397.93 9.09 546.06 18.66
414.43 8.96 520.12 9.01
430.81 9.10 496.43 20.97
447.25 9.02 497.25 24.03
463.68 9.14 472.87 12.08
480.00 9.08 466.50 10.48
496.37 8.98 459.00 15.55
512.81 9.10 450.18 5.26
529.43 8.97 440.81 11.74
545.81 9.12 440.50 9.68
562.18 9.03 443.81 3.52
578.50 8.96 444.56 8.00
594.93 9.08 450.56 6.82
611.37 8.98 456.93 7.97
627.81 8.87 464.00 6.54
644.18 9.03 471.75 9.00
660.68 8.91 485.50 8.45
677.06 9.04 501.68 12.53
693.43 8.96 515.12 11.79
709.87 8.85 530.31 20.15
726.25 9.01 553.50 16.39
742.68 8.90 577.50 14.33
759.12 9.03 600.87 14.46
775.43 8.96 626.68 17.97
791.81 8.86 651.25 15.78
808.31 8.99 679.68 18.02
824.62 8.91 711.18 34.07
841.12 9.03 741.43 17.32
857.43 8.96 774.81 18.56
873.93 8.82 812.00 24.58
890.31 8.98 842.81 20.71
906.75 8.87 878.18 22.62
923.18 9.01 916.00 22.75
939.50 8.94 957.68 21.38
956.00 8.80 996.81 22.10
972.18 9.01 1040.43 21.83
988.75 8.87 1080.68 23.93
1005.25 8.99 1121.50 22.57
1021.56 8.92 1160.81 26.49
1038.00 8.79 1206.93 23.16
1054.31 8.98 1258.75 31.38
1071.00 9.33 1290.75 27.42
1087.37 9.23 1341.37 29.38
1103.75 9.40 1383.50 31.26
1120.18 9.27 1425.56 28.02
1136.56 9.44 1460.43 38.50
1152.93 9.34 1511.62 24.09
1169.37 9.23 1561.06 25.75
1185.81 9.39 1598.87 24.58
1202.12 9.30 1643.06 24.26
1218.56 9.18 1684.12 21.59
1235.00 9.33 1724.87 23.43
1251.37 9.23 1767.56 21.38
1267.75 9.40 1805.81 22.04
1284.06 9.32 1844.18 22.93
1300.62 9.18 1883.31 22.27
1317.06 9.33 1920.68 20.56
1333.43 9.23 1953.81 22.88
1349.81 9.40 1988.87 22.51
1366.12 9.31 2018.93 24.64
1382.68 9.17 2060.12 17.69
1399.25 9.30 2093.56 26.87
1415.68 9.18 2119.75 20.49
1432.00 9.37 2143.50 17.61
1448.37 9.28 2169.87 17.90
1464.81 9.14 2195.18 14.69
1481.25 9.31 2217.75 12.86
1497.56 9.21 2241.37 11.88
1514.06 9.35 2260.00 10.01
1530.56 9.23 2277.00 11.00
1546.87 9.14 2292.68 21.28
1563.31 9.30 2304.81 9.33
1579.75 9.17 2315.06 13.28
1596.12 9.34 2330.31 12.73
1612.43 9.25 2335.06 6.31
1628.93 9.13 2342.68 5.83
1645.37 9.29 2346.18 7.69
1661.75 9.18 2342.00 21.68
1678.25 9.05 2345.62 8.82
1694.56 9.22 2346.25 4.66
1711.00 9.11 2337.68 16.36
1727.37 9.29 2337.93 7.18
1743.81 9.16 2328.12 7.05
1760.18 9.05 2320.93 9.00
1776.62 9.20 2307.93 11.17
1793.12 9.07 2293.25 8.35
1809.43 9.27 2279.50 9.38
1825.87 9.13 2265.43 17.27
1842.12 9.07 2247.25 17.82
1858.68 9.18 2223.25 12.47
1875.18 9.05 2200.93 14.91
1891.43 9.25 2176.87 21.68
1907.87 9.14 2146.18 30.66
1924.18 9.05 2126.75 25.59
1940.68 9.18 2096.25 29.29
1957.06 9.08 2074.50 22.40
1973.43 9.25 2034.18 26.12
1989.81 9.15 2011.18 26.15
2006.18 9.05 1974.25 20.25
2022.68 9.18 1938.75 22.01
2039.06 9.08 1907.37 28.70
2055.43 9.25 1866.87 20.84
2071.81 9.41 1825.37 30.61
2088.31 9.28 1787.25 25.63
2104.75 9.44 1753.81 23.27
2121.18 9.31 1710.87 28.01
2137.56 9.49 1675.00 22.94
2153.81 9.41 1635.18 24.83
2170.31 9.28 1592.25 25.02
2186.81 9.43 1552.87 25.54
2203.25 9.30 1506.87 28.38
2219.50 9.49 1466.93 24.52
2235.87 9.40 1428.68 25.43
2252.37 9.27 1386.50 23.88
2268.75 9.46 1345.00 25.21
2285.25 9.30 1306.87 26.73
2301.62 9.48 1264.87 23.75
2317.93 9.40 1224.87 22.47
2334.43 9.27 1185.50 24.03
2350.75 9.46 1145.81 23.14
2367.12 9.35 1108.31 21.55
2383.75 9.48 1065.37 22.52
2400.06 9.40 1031.75 22.37
2416.68 9.28 994.25 22.75
2433.06 9.44 964.00 24.42
2449.31 9.36 925.25 22.05
2465.87 9.49 898.31 20.14
2482.25 9.38 869.18 27.45
2498.75 9.26 829.18 39.38
2515.12 9.43 805.56 17.29
2531.43 9.34 778.81 17.32
2547.93 9.23 752.37 15.64
2564.31 9.38 734.62 27.81
2580.81 9.25 694.37 29.12
2597.12 9.43 686.31 9.09
2613.56 9.31 667.75 17.91
2630.00 9.20 650.62 20.39
2646.50 9.34 628.25 14.76
2662.93 9.22 616.87 12.35
2679.31 9.38 594.62 27.03
2695.62 9.29 593.50 16.23
2712.00 9.20 582.18 6.13
2728.56 9.34 572.00 7.44
2745.12 9.17 567.25 6.75
2761.43 9.35 563.75 6.08
2777.81 9.25 560.06 7.74
2794.12 9.17 562.93 4.88
2810.50 9.34 566.31 14.87
2827.00 9.20 565.18 24.62
2843.50 9.33 580.37 31.12
2859.81 9.23 585.56 19.99
2876.18 9.15 587.18 12.81
2892.56 9.32 598.87 8.19
2909.00 9.20 612.81 9.89
2925.43 9.36 622.43 17.96
2941.75 9.25 639.75 12.66
2958.18 9.15 663.43 18.92
2974.56 9.32 679.25 21.90
2990.93 9.21 699.43 12.72
3007.43 9.10 721.00 14.05
3023.75 9.25 742.93 22.79
3040.18 9.15 770.75 15.35
3056.50 9.33 796.31 15.42
3073.06 9.45 813.37 41.70
3089.50 9.58 850.87 21.43
3105.87 9.48 882.06 18.79
3122.31 9.38 913.68 18.16
3138.62 9.56 949.18 22.86
3155.06 9.45 979.68 21.05
3171.43 9.60 1011.62 18.62
3187.93 9.47 1046.68 22.81
3204.37 9.37 1084.68 22.87
3220.75 9.54 1122.12 21.57
3237.06 9.44 1157.37 22.70
3253.43 9.61 1195.50 22.62
3269.81 9.51 1233.12 24.24
3286.37 9.37 1269.12 23.61
3302.81 9.54 1309.25 25.15
3319.06 9.45 1347.75 23.66
3335.56 9.60 1387.31 23.68
3351.81 9.54 1430.50 30.30
3368.31 9.41 1462.93 20.16
3384.87 9.54 1501.50 23.35
3401.06 9.47 1541.56 33.01
3417.62 9.37 1581.00 22.78
3434.00 9.54 1615.93 22.54
3450.43 9.43 1649.25 26.14
3466.87 9.55 1690.00 21.99
3483.12 9.47 1721.81 37.84
3499.62 9.36 1755.68 21.88
3516.06 9.53 1793.43 20.10
3532.56 9.41 1826.62 22.07
3548.93 9.54 1857.93 21.87
3565.31 9.43 1891.75 18.63
3581.68 9.35 1926.31 18.47
3598.12 9.52 1952.50 16.33
3614.62 9.40 1981.56 17.80
3631.00 9.53 2007.31 16.73
3647.43 9.41 2032.81 14.96
3663.81 9.32 2058.62 13.71
3680.18 9.49 2081.31 14.35
3696.62 9.39 2103.62 19.55
3713.06 9.53 2123.62 14.12
3729.43 9.43 2141.50 10.72
3745.87 9.31 2160.06 12.75
3762.25 9.48 2173.25 9.86
3778.62 9.38 2183.93 13.56
3795.12 9.52 2198.62 10.26
3811.31 9.48 2207.12 18.49
3827.87 9.31 2215.75 13.07
3844.31 9.46 2231.18 17.13
3860.68 9.35 2230.43 6.22
3877.12 9.27 2234.43 19.66
3893.37 9.47 2240.56 14.32
3909.93 9.30 2236.43 8.23
3926.25 9.48 2236.18 7.27
3942.62 9.37 2228.06 13.90
3959.00 9.29 2226.50 5.33
3975.37 9.47 2223.18 10.12
3991.93 9.30 2213.00 10.39
4008.25 9.48 2199.93 12.60
4024.62 9.37 2190.00 12.93
4040.93 9.30 2175.68 11.43
4057.37 9.47 2160.56 14.05
4074.06 9.53 2142.12 23.29
4090.37 9.71 2132.50 19.37
4106.75 9.59 2110.62 18.51
4123.12 9.76 2082.43 18.55
4139.43 9.69 2066.62 16.79
4156.00 9.57 2058.50 43.99
4172.31 9.74 2018.43 14.39
4188.75 9.59 1991.62 16.32
4205.18 9.75 1958.87 30.47
4221.50 9.69 1934.93 28.07
4238.00 9.56 1906.68 18.26
4254.43 9.72 1875.75 18.67
4270.62 9.65 1842.43 35.35
4287.12 9.52 1813.50 19.46
4303.56 9.69 1781.25 23.38
4320.00 9.56 1748.43 20.41
4336.43 9.73 1710.93 22.37
4352.62 9.69 1676.25 24.88
4369.18 9.51 1641.50 24.13
4385.68 9.69 1606.31 21.37
4402.00 9.58 1571.75 29.48
4418.50 9.75 1534.75 22.55
4434.75 9.70 1496.56 29.21
4451.31 9.52 1467.00 31.49
4467.75 9.70 1429.62 24.06
4484.12 9.60 1391.56 21.59
4500.50 9.75 1358.87 28.70
4516.87 9.67 1320.31 22.29
4533.43 9.51 1284.43 21.07
4549.81 9.67 1251.56 26.52
4566.25 9.57 1213.68 21.14
4582.56 9.74 1177.00 24.29
4598.93 9.67 1149.37 27.65
4615.43 9.54 1113.31 20.46
4631.81 9.70 1082.56 21.31
4648.25 9.55 1046.50 40.43
4664.81 9.70 1017.37 18.29
4681.00 9.66 992.06 27.59
4697.50 9.53 961.43 18.55
4713.87 9.69 931.75 15.08
4730.25 9.59 902.00 24.68
4746.81 9.45 889.50 44.99
4763.06 9.65 856.00 14.77
4779.56 9.52 832.25 13.77
4795.87 9.69 812.25 14.48
4812.18 9.63 796.56 20.84
4828.68 9.46 773.56 12.03
4845.12 9.63 754.43 10.25
4861.62 9.51 736.06 14.74
4877.93 9.67 728.31 11.87
4894.25 9.61 714.12 12.26
4910.68 9.46 703.75 10.77
4927.12 9.63 693.81 16.88
4943.62 9.51 683.37 7.79
4959.93 9.67 672.00 12.03
4976.25 9.61 677.12 18.59
4992.68 9.46 668.75 4.80
5009.06 9.63 675.62 31.29
5025.56 9.51 666.12 5.58
5041.93 9.67 668.18 5.58
5058.18 9.62 670.31 6.81
5074.87 9.92 679.31 14.64
5091.18 9.86 681.62 6.31
5107.68 9.73 690.31 17.38
5124.06 9.90 700.18 17.90
5140.25 9.86 710.00 8.58
5156.75 9.74 726.31 13.71
5173.18 9.86 733.06 21.47
5189.68 9.73 753.68 15.01
5206.12 9.89 765.56 13.42
5222.31 9.85 790.06 12.80
5238.81 9.73 805.25 12.63
5255.25 9.85 826.31 14.07
5271.62 9.74 849.43 14.87
5288.00 9.91 871.62 14.45
5304.37 9.85 895.18 15.24
5320.87 9.73 920.62 15.84
5337.31 9.85 947.37 17.35
5353.62 9.79 979.25 25.27
5370.06 9.91 1003.62 11.93
5386.43 9.86 1030.00 24.48
5402.93 9.73 1066.50 23.02
5419.37 9.90 1091.00 25.83
5435.68 9.86 1120.56 21.66
5452.18 9.93 1156.56 24.22
5468.50 9.87 1191.06 18.73
5485.00 9.74 1223.06 23.03
5501.43 9.89 1256.75 20.55
5517.62 9.85 1288.37 19.19
5534.31 9.91 1322.93 20.45
5550.62 9.85 1360.62 21.42
5567.12 9.73 1392.06 21.35
5583.50 9.88 1426.68 22.04
5599.68 9.84 1462.37 24.73
5616.31 9.71 1493.50 20.40
5632.68 9.84 1524.93 20.55
5649.25 9.70 1565.00 21.66
5665.56 9.87 1599.56 30.62
5681.81 9.82 1618.43 26.15
5698.31 9.70 1658.06 22.77
5714.75 9.83 1688.12 20.37
5731.25 9.72 1720.87 25.62
5747.62 9.87 1749.56 11.46
5763.93 9.81 1779.81 18.67
5780.31 9.70 1812.87 25.11
5796.81 9.82 1839.18 20.80
5813.18 9.77 1863.68 17.20
5829.62 9.87 1889.68 19.85
5846.00 9.80 1908.06 12.19
5862.37 9.69 1939.81 15.27
5878.75 9.85 1960.75 15.95
5895.25 9.74 1987.43 18.15
5911.68 9.85 2003.06 13.44
5927.93 9.80 2019.43 20.10
5944.37 9.69 2043.25 15.00
5960.75 9.85 2059.81 16.39
5977.25 9.68 2075.06 14.40
5993.68 9.85 2084.93 10.00
6009.87 9.81 2097.00 10.36
6026.37 9.69 2109.68 11.38
6042.75 9.85 2116.87 7.97
6059.18 9.69 2122.81 13.08
6075.81 10.08 2128.43 7.97
6092.00 10.04 2135.93 5.88
6108.50 9.92 2139.25 7.86
6124.81 10.08 2145.31 19.97
6141.25 9.98 2141.18 5.58
6157.68 10.09 2138.18 6.42
6174.00 10.04 2144.00 19.03
6190.56 9.91 2133.87 5.28
6206.93 10.07 2131.43 20.62
6223.25 10.02 2116.06 6.08
6239.62 10.14 2109.87 6.32
6256.06 10.03 2108.12 19.08
6272.56 9.91 2089.56 10.48
6288.93 10.07 2075.00 7.75
6305.25 10.02 2055.31 15.39
6321.75 10.15 2046.37 11.54
6338.06 10.03 2032.18 18.12
6354.62 9.91 2013.75 20.81
6371.00 10.07 1987.25 20.41
6387.25 10.03 1969.06 12.79
6403.81 10.15 1949.62 17.76
6420.18 10.09 1935.93 28.83
6436.75 9.93 1900.43 14.59
6453.12 10.09 1874.00 18.77
6469.25 10.05 1843.37 27.52
6485.81 9.93 1821.31 18.77
6502.25 10.08 1794.06 17.98
6518.75 9.93 1768.00 17.35
6535.18 10.08 1743.12 21.67
6551.43 10.03 1704.12 26.91
6567.87 9.92 1679.06 20.10
6584.31 10.08 1652.37 21.61
6600.75 9.98 1617.06 20.46
6617.18 10.08 1587.81 18.19
6633.50 10.02 1555.37 19.25
6650.00 9.90 1520.56 22.60
6666.43 10.07 1491.00 18.75
6682.81 10.02 1458.00 20.13
6699.25 10.12 1431.62 27.38
6715.56 10.02 1395.75 20.44
6732.06 9.90 1364.87 21.30
6748.43 10.05 1328.50 27.86
6764.81 10.02 1299.50 21.36
6781.37 10.06 1267.68 24.60
6797.62 10.01 1244.50 21.31
6814.06 9.90 1208.06 17.27
6830.43 10.05 1178.12 21.05
6846.87 9.99 1151.25 19.53
6863.43 10.05 1122.81 17.38
6879.56 10.05 1093.25 16.60
6896.12 9.89 1065.62 18.60
6912.50 10.04 1041.87 15.93
6928.81 9.99 1016.37 18.38
6945.37 9.82 991.81 19.55
6961.56 10.05 968.00 14.57
6978.12 9.89 943.81 13.38
6994.43 10.05 924.75 13.93
7010.75 10.00 904.50 13.65
7027.18 9.88 885.18 13.30
7043.56 10.05 867.75 11.09
7060.06 9.94 858.50 24.21
7076.56 10.28 833.56 13.36
7092.93 10.23 822.56 8.56
7109.31 10.34 805.18 9.81
7125.68 10.27 803.18 20.06
7142.12 10.22 787.25 6.78
7158.56 10.28 779.37 8.65
7174.87 10.22 773.68 11.12
7191.37 10.34 766.93 5.43
7207.68 10.27 760.93 5.05
7224.18 10.22 755.75 7.20
7240.62 10.27 757.43 4.46
7256.87 10.22 758.31 8.53
7273.37 10.34 755.18 13.01
7289.68 10.27 761.75 4.10
7306.18 10.21 767.62 7.09
7322.68 10.27 773.62 14.05
7338.87 10.23 774.43 9.33
7355.43 10.12 782.00 9.97
7371.75 10.27 786.06 30.82
7388.18 10.22 806.25 7.59
7404.75 10.28 819.93 14.80
7420.93 10.30 828.25 12.39
7437.50 10.13 845.81 9.40
7453.93 10.30 865.25 14.63
7470.25 10.26 879.12 5.37
7486.68 10.35 897.68 11.31
7503.06 10.29 919.87 15.91
7519.50 10.18 938.56 17.72
7536.06 10.29 960.12 15.29
7552.37 10.23 983.31 14.95
7568.75 10.35 1006.93 17.64
7585.12 10.28 1028.62 15.31
7601.50 10.23 1055.87 15.54
7618.06 10.27 1081.18 15.73
7634.37 10.23 1098.81 32.79
7651.00 10.33 1134.75 17.10
7667.25 10.27 1160.75 16.77
7683.62 10.22 1189.43 16.98
7700.06 10.27 1216.87 24.30
7716.37 10.23 1246.93 17.48
7733.06 10.33 1277.56 18.78
7749.25 10.27 1305.43 24.76
7765.68 10.22 1336.06 18.39
7782.12 10.27 1362.31 19.41
7798.43 10.22 1393.62 22.43
7815.00 10.11 1424.87 20.35
7831.25 10.27 1455.75 17.90
7847.75 10.21 1485.50 20.91
7864.18 10.26 1511.87 20.85
7880.43 10.26 1544.68 18.18
7896.93 10.10 1573.25 16.79
7913.31 10.26 1600.87 18.12
7929.75 10.21 1626.06 31.70
7946.12 10.32 1663.18 31.85
7962.43 10.26 1684.75 17.71
7978.87 10.10 1704.87 30.93
7995.31 10.26 1739.12 19.88
8011.68 10.20 1763.00 15.76
8028.12 10.32 1789.37 13.93
8044.43 10.26 1810.75 13.73
8060.87 10.10 1834.12 14.40
8077.37 10.48 1859.93 22.33
8093.81 10.43 1878.18 10.85
8110.25 10.54 1892.93 20.53
8126.50 10.48 1916.87 11.57
8143.06 10.55 1934.87 11.72
8159.31 10.49 1949.68 14.32
8175.81 10.43 1968.06 20.07
8192.31 10.54 1981.00 8.05
8208.50 10.49 1996.31 14.36
8225.06 10.32 2007.06 9.98
8241.43 10.48 2017.25 7.64
8257.81 10.43 2026.56 6.88
8274.31 10.54 2041.50 22.93
8290.50 10.49 2040.87 5.88
8307.06 10.38 2049.25 8.82
8323.50 10.49 2048.62 13.43
8339.81 10.44 2053.56 4.47
8356.31 10.55 2054.93 6.56
8372.56 10.49 2051.68 23.35
8389.06 10.45 2055.81 6.36
