2 1329
55 1286
71 1264
87 1193
104 1150
120 1069
137 1063
153 1019
169 959
186 938
202 898
219 861
235 826
251 788
268 754
284 723
301 691
317 670
333 639
350 609
366 587
383 565
399 546
415 528
432 514
448 497
465 483
481 471
499 465
515 457
532 455
548 456
565 455
581 457
597 462
614 465
630 477
647 497
663 499
679 509
696 528
712 546
729 569
745 586
761 611
778 637
794 664
811 693
827 724
843 762
860 788
876 822
893 854
909 890
925 931
942 959
958 1007
974 1048
991 1089
1007 1131
1024 1174
1040 1216
1056 1260
1073 1303
1089 1345
1106 1378
1122 1432
1138 1475
1155 1519
1171 1573
1188 1602
1204 1651
1220 1652
1237 1728
1253 1768
1270 1866
1286 1847
1302 1881
1319 1923
1335 1958
1352 1993
1368 2019
1384 2053
1401 2084
1417 2108
1433 2136
1450 2167
1466 2186
1483 2212
1500 2235
1517 2259
1533 2274
1549 2287
1566 2296
1582 2308
1599 2322
1615 2325
1631 2332
1648 2333
1664 2336
1681 2338
1697 2337
1713 2332
1730 2321
1746 2316
1763 2308
1779 2297
1795 2303
1812 2267
1828 2255
1844 2280
1861 2210
1877 2186
1894 2165
1910 2140
1926 2117
1943 2083
1959 2060
1976 2019
1992 1993
2008 1958
2025 1928
2041 1890
2058 1855
2074 1816
2090 1781
2107 1746
2123 1701
2140 1662
2156 1628
2172 1582
2189 1546
2205 1499
2222 1461
2238 1420
2254 1381
2271 1343
2287 1300
2303 1259
2320 1211
2336 1179
2353 1147
2369 1102
2385 1071
2402 1023
2418 993
2435 964
2451 928
2467 897
2484 866
2501 833
2518 808
2534 782
2551 753
2567 725
2583 706
2600 692
2616 667
2633 652
2649 637
2665 619
2682 610
2698 598
2714 588
2731 586
2747 578
2764 570
2780 574
2796 624
2813 570
2829 581
2846 581
2862 594
2878 602
2895 631
2911 620
2928 641
2944 655
2960 675
2977 692
2993 702
3010 734
3026 763
3042 778
3059 811
3075 841
3092 864
3108 895
3124 925
3141 957
3157 995
3173 1026
3190 1060
3206 1100
3223 1132
3239 1167
3255 1206
3272 1241
3288 1276
3305 1317
3321 1389
3337 1393
3354 1435
3370 1522
3387 1510
3403 1546
3419 1551
3436 1621
3452 1658
3469 1690
3485 1728
3503 1767
3519 1804
3535 1832
3552 1869
3568 1899
3584 1924
3601 1954
3617 1980
3634 2007
3650 2033
3666 2059
3683 2080
3699 2100
3716 2120
3732 2138
3748 2155
3765 2167
3781 2183
3798 2197
3814 2199
3830 2210
3847 2214
3863 2224
3880 2222
3896 2179
3912 2228
3929 2226
3945 2233
3962 2215
3978 2207
3994 2230
4011 2188
4027 2175
4043 2157
4060 2149
4076 2129
4093 2120
4109 2092
4125 2073
4142 2042
4158 2026
4175 2002
4191 1977
4207 1949
4224 1921
4240 1890
4257 1867
4273 1834
4289 1799
4306 1772
4322 1736
4339 1702
4355 1662
4371 1580
4388 1597
4404 1561
4421 1473
4437 1492
4453 1456
4470 1423
4486 1378
4504 1342
4520 1299
4536 1274
4553 1240
4569 1125
4586 1171
4602 1143
4618 1114
4635 1078
4651 1045
4668 1010
4684 985
4700 959
4717 930
4733 910
4750 878
4766 846
4782 838
4799 818
4815 795
4832 780
4848 760
4864 744
4881 733
4897 720
4913 709
4930 701
4946 728
4963 686
4979 678
4995 643
5012 675
5028 676
5045 663
5061 689
5077 689
5094 685
5110 705
5127 713
5143 726
5159 740
5176 747
5192 769
5209 784
5225 803
5241 818
5258 841
5274 862
5291 892
5307 911
5323 936
5340 961
5356 987
5372 1019
5389 1052
5405 1076
5422 1105
5438 1137
5454 1164
5471 1220
5487 1233
5505 1271
5521 1306
5538 1334
5554 1373
5570 1390
5587 1435
5603 1472
5620 1521
5636 1537
5652 1565
5669 1614
5685 1630
5702 1665
5718 1695
5734 1726
5751 1754
5767 1790
5783 1807
5800 1837
5816 1865
5833 1887
5849 1913
5865 1935
5882 1957
5898 1978
5915 2000
5931 2016
5947 2028
5964 2055
5980 2063
5997 2078
6013 2087
6029 2101
6046 2113
6062 2117
6079 2125
6095 2087
6111 2129
6128 2129
6144 2048
6161 2129
6177 2126
6193 2134
6210 2105
6226 2108
6242 2097
6259 2093
6275 2073
6292 2062
6308 2049
6324 2032
6341 2016
6357 1995
6374 1975
6390 1957
6406 1936
6423 1914
6439 1886
6456 1861
6472 1837
6488 1810
6506 1780
6522 1749
6539 1728
6555 1695
6572 1662
6588 1636
6604 1608
6621 1577
6637 1538
6653 1510
6670 1445
6686 1450
6703 1418
6719 1388
6735 1355
6752 1326
6768 1297
6785 1263
6801 1234
6817 1210
6834 1175
6850 1142
6867 1109
6883 1090
6899 1067
6916 1040
6932 1012
6949 986
6965 967
6981 940
6998 925
7014 904
7031 890
7047 870
7063 857
7080 837
7096 765
7112 812
7129 801
7145 787
7162 784
7178 775
7194 780
7211 769
7227 763
7244 778
7260 769
7276 766
7293 766
7309 770
7326 776
7342 792
7358 796
7375 805
7391 814
7408 827
7424 841
7440 852
7457 874
7473 889
7490 909
7507 931
7523 946
7540 969
7556 994
7573 1015
7589 1039
7605 1064
7622 1087
7638 1119
7655 1141
7671 1093
7687 1200
7704 1224
7720 1252
7737 1285
7753 1317
7769 1296
7786 1370
7802 1403
7819 1426
7835 1463
7851 1493
7868 1535
7884 1547
7901 1576
7917 1596
7933 1634
7950 1657
7966 1689
7982 1715
7999 1742
8015 1764
8032 1791
8048 1808
8064 1841
8081 1851
8097 1876
8114 1894
8130 1913
8146 1926
8163 1948
8179 1961
8196 1977
8212 1988
8228 1999
8245 1992
8261 2020
8278 2026
8294 2052
8310 2040
8327 2045
8343 2049
8360 2042
8376 2049
8392 2048
8409 2041
8425 2037
8441 2027
8458 2025
8474 2020
8491 2006
8508 1997
8525 1982
8541 1973
8557 1958
8574 1943
8590 1924
8607 1911
8623 1890
8639 1875
8656 1850
8672 1828
8689 1808
8705 1787
8721 1762
8738 1740
8754 1715
8771 1617
8787 1661
8803 1642
8820 1611
8836 1583
8852 1556
8869 1532
8885 1504
8902 1478
8918 1448
8934 1419
8951 1383
8967 1369
8984 1343
9000 1296
9016 1282
9033 1259
9049 1233
9066 1205
9082 1182
9098 1157
9115 1135
9131 1111
9148 1079
9164 1066
9180 1047
9197 1027
9213 1007
9230 991
9246 973
9262 959
9279 943
9295 936
9311 913
9328 901
9344 888
9361 875
9377 874
9393 866
9410 863
9426 856
9443 852
9459 852
9475 830
9492 846
9509 851
9526 834
9542 855
9558 862
9575 929
9591 876
9608 886
9624 873
9640 911
9657 920
9673 932
9690 946
9706 961
9722 982
9739 991
9755 1013
9772 1030
9788 1049
9804 1069
9821 1092
9837 1113
9854 1134
9870 1144
9886 1180
9903 1205
9919 1323
9936 1255
9952 1279
9968 1295
9985 1330
10001 1354
10017 1377
10034 1409
10050 1429
10067 1459
10083 1484
10099 1507
10116 1536
10132 1559
10149 1583
10165 1610
10181 1629
10198 1656
10214 1671
10231 1700
10247 1720
10263 1742
10280 1766
10296 1794
10313 1795
10329 1816
10345 1845
10362 1852
10378 1859
10395 1867
10411 1891
10427 1901
10444 1914
10460 1928
10476 1931
10493 1933
10510 1950
10527 1956
10543 1957
10560 1958
10576 1963
10592 1965
10609 1967
10625 1964
10642 1960
10658 1958
10674 1954
10691 1950
10707 1943
10724 1932
10740 1920
10756 1908
10773 1902
10789 1887
10806 1879
10822 1864
10838 1848
10855 1829
10871 1830
10887 1800
10904 1778
10920 1743
10937 1743
10953 1722
10969 1752
10986 1680
11002 1657
11019 1637
11035 1613
11051 1588
11068 1573
11084 1538
11101 1518
11117 1488
11133 1471
11150 1441
11166 1414
11183 1399
11199 1376
11215 1349
11232 1327
11248 1302
11265 1280
11281 1256
11297 1236
11314 1214
11330 1195
11346 1172
11363 1155
11379 1132
11396 1113
11412 1095
11428 1078
11445 1089
11461 1046
11478 1031
11494 1020
11510 1001
11527 994
11543 969
11560 971
11576 961
11592 951
11609 944
11625 938
11642 927
11658 926
11674 925
11691 924
11707 920
11724 919
11740 922
11756 924
11773 934
11789 934
11806 939
11822 944
11838 950
11855 961
11871 964
11888 980
11904 992
11920 1032
11937 1016
11953 1035
11969 1000
11986 1061
12002 1079
12019 1092
12035 1110
12051 1133
12068 1163
12084 1166
12101 1185
12117 1216
12133 1230
12150 1254
12166 1277
12183 1294
12199 1314
12215 1340
12232 1361
12248 1387
12265 1402
12281 1437
12297 1451
12314 1475
12330 1496
12347 1519
12363 1533
12379 1561
12396 1525
12412 1604
12428 1623
12445 1702
12461 1654
12478 1680
12494 1744
12511 1716
12527 1733
12543 1769
12560 1765
12576 1774
12593 1790
12609 1814
12625 1820
12642 1830
12658 1846
12675 1854
12691 1864
12707 1869
12724 1874
12740 1885
12756 1888
12773 1885
12789 1895
12806 1901
12822 1899
12838 1898
12855 1897
12871 1899
12888 1890
12904 1890
12920 1882
12937 1877
12953 1867
12970 1918
12986 1854
13002 1846
13019 1822
13035 1823
13052 1806
13068 1790
13084 1777
13101 1768
13117 1752
13134 1738
13150 1720
13166 1695
13183 1686
13199 1669
13215 1646
13232 1628
13248 1610
13265 1591
13281 1570
13297 1550
13314 1530
13330 1499
13347 1487
13363 1461
13379 1443
13396 1390
13412 1402
13429 1383
13445 1370
13461 1340
13478 1321
13494 1268
13511 1277
13527 1260
13543 1240
13560 1222
13576 1201
13593 1188
13609 1170
13625 1150
13642 1143
13658 1118
13674 1106
13691 1090
13707 1076
13724 1067
13740 1060
13756 1047
13773 1038
13789 1023
13806 1014
13822 1010
13838 1002
13855 998
13871 991
13888 989
13904 986
13920 987
13937 984
13953 981
13970 932
13986 986
14002 992
14019 882
14035 995
14052 1002
14068 1008
14084 1019
14101 1024
14117 1039
14133 1046
14150 1052
14166 1066
14183 1086
14199 1093
14215 1105
14232 1124
14248 1135
14265 1153
14281 1166
14297 1182
14314 1197
14330 1219
14347 1239
14363 1255
14379 1271
14396 1275
14412 1312
14429 1326
14445 1346
14461 1371
14478 1392
14494 1385
14511 1431
14527 1449
14543 1471
14560 1488
14576 1507
14593 1527
14609 1548
14625 1565
14642 1581
14658 1600
14675 1618
14691 1636
14707 1656
14724 1670
14740 1684
14757 1704
14773 1711
14789 1729
14806 1738
14822 1748
14839 1762
14855 1775
14871 1785
14888 1794
14904 1805
14920 1841
14937 1818
14953 1825
14970 1843
14986 1829
15002 1839
15019 1816
15035 1841
15052 1843
15068 1838
15084 1841
15101 1837
15117 1839
15134 1834
15150 1824
15166 1816
15183 1813
15199 1804
15216 1804
15232 1795
15248 1782
15265 1774
15281 1765
15298 1754
15314 1739
15330 1729
15347 1713
15363 1696
15379 1687
15396 1708
15412 1659
15429 1643
15445 1645
15461 1608
15478 1590
15494 1588
15511 1551
15527 1537
15543 1525
15560 1498
15576 1483
15593 1455
15609 1444
15625 1425
15642 1420
15658 1388
15675 1371
15691 1353
15707 1338
15724 1314
15740 1298
15757 1283
15773 1265
15789 1246
15806 1235
15822 1217
15839 1202
15855 1185
15871 1175
15888 1158
15904 1155
15920 1099
15937 1125
15953 1119
15970 1070
15986 1088
16002 1082
16019 1180
16035 1066
16052 1056
16068 1052
16084 1046
16101 1045
16117 1039
16134 1040
16150 1036
16166 1040
16183 1038
16199 1039
16216 1035
16232 1039
16248 1042
16265 1049
16281 1049
16298 1060
16314 1065
16330 1071
16347 1075
16363 1087
16379 1099
16396 1085
16412 1118
16429 1130
16445 1136
16461 1155
16478 1167
16494 1164
16511 1197
16527 1208
16543 1225
16560 1240
16576 1254
16593 1266
16609 1289
16625 1313
16642 1327
16658 1341
16675 1355
16691 1376
16707 1392
16724 1404
16740 1424
16757 1443
16773 1463
16789 1478
16806 1497
16822 1514
16839 1531
16855 1544
16871 1564
16888 1578
16904 1594
16920 1668
16937 1625
16953 1638
16970 1705
16986 1663
17002 1683
17019 1775
17035 1703
17052 1714
17068 1723
17084 1732
17101 1745
17117 1746
17134 1764
17150 1774
17166 1774
17183 1779
17199 1785
17216 1786
17232 1794
17248 1795
17265 1794
17281 1797
17298 1800
17314 1796
17330 1797
17347 1793
17363 1787
17379 1783
17396 1797
17412 1772
17429 1772
17445 1819
17461 1761
17478 1747
17494 1726
17511 1728
17527 1717
17543 1709
17560 1698
17576 1686
17593 1671
17609 1662
17625 1648
17642 1645
17658 1624
17675 1606
17691 1589
17707 1571
17724 1558
17740 1538
17757 1528
17773 1511
17789 1493
17806 1483
17822 1465
17839 1446
17855 1435
17871 1417
17888 1397
17904 1383
17920 1457
17937 1352
17953 1333
17970 1263
17986 1304
18002 1289
18019 1286
18035 1264
18052 1243
18068 1247
18084 1217
18101 1204
18117 1197
18134 1180
18150 1174
18166 1158
18183 1150
18199 1141
18216 1132
18232 1124
18248 1117
18265 1107
18281 1101
18298 1097
18314 1096
18330 1088
18347 1083
18363 1085
18379 1080
18396 1086
18412 1078
18429 1081
18445 1095
18461 1084
18478 1080
18494 1045
18511 1095
18527 1101
18543 1113
18560 1113
18576 1119
18593 1113
18609 1136
18625 1143
18642 1152
18658 1163
18675 1180
18691 1185
18707 1199
18724 1205
18740 1219
18757 1230
18773 1251
18789 1256
18806 1272
18822 1280
18839 1301
18855 1317
18871 1316
18888 1343
18904 1358
18920 1378
18937 1392
18953 1407
18970 1424
18986 1437
19002 1453
19019 1467
19035 1480
19052 1499
19068 1514
19084 1524
19101 1542
19117 1554
19134 1568
19150 1557
19166 1596
19183 1608
19199 1620
19216 1629
19232 1641
19248 1650
19265 1667
19281 1676
19298 1691
19314 1693
19330 1697
19347 1719
19363 1717
19379 1718
19396 1731
19412 1738
19429 1737
19445 1738
19461 1743
19478 1749
19494 1746
19511 1747
19527 1746
19543 1747
19560 1745
19576 1745
19593 1738
19609 1740
19625 1799
19642 1728
19658 1727
19675 1774
19691 1717
19707 1703
19724 1692
19740 1690
19757 1680
19773 1671
19789 1665
19806 1654
19822 1643
19839 1633
19855 1616
19871 1612
19888 1595
19904 1581
19920 1509
19937 1555
19953 1541
19970 1506
19986 1514
20002 1503
20019 1499
20035 1478
20052 1460
20068 1450
20084 1431
20101 1417
20117 1396
20134 1392
20150 1375
20166 1358
20183 1350
20199 1331
20216 1322
20232 1307
20248 1295
20265 1282
20281 1274
20298 1259
20314 1247
20330 1237
20347 1226
20363 1216
20379 1209
20396 1196
20412 1185
20429 1180
20445 1166
20461 1163
20478 1160
20494 1118
20511 1150
20527 1144
20543 1132
20560 1134
20576 1130
20593 1132
20609 1127
20625 1127
20642 1128
20658 1128
20675 1129
20691 1131
20707 1135
20724 1136
20740 1142
20757 1140
20773 1148
20789 1155
20806 1153
20822 1161
20839 1172
20855 1179
20871 1191
20888 1198
20904 1209
20920 1201
20937 1222
20953 1233
20970 1269
20986 1258
21002 1267
21019 1254
21035 1292
21052 1303
21068 1311
21084 1322
21101 1330
21117 1349
21134 1370
21150 1379
21166 1392
21183 1403
21199 1422
21216 1432
21232 1441
21248 1459
21265 1472
21281 1481
21298 1501
21314 1512
21330 1525
21347 1536
21363 1548
21379 1559
21396 1574
21412 1578
21429 1591
21445 1601
21461 1615
21478 1622
21494 1701
21511 1642
21527 1647
21543 1699
21560 1663
21576 1672
21593 1675
21609 1680
21625 1686
21642 1679
21658 1696
21675 1703
21691 1697
21707 1704
21724 1706
21740 1703
21757 1709
21773 1707
21789 1704
21806 1703
21822 1702
21839 1693
21855 1696
21871 1693
21888 1685
21904 1678
21920 1679
21937 1673
21953 1664
21970 1660
21986 1649
22002 1643
22019 1643
22035 1626
22052 1616
22068 1601
22084 1595
22101 1585
22117 1573
22134 1570
22150 1553
22166 1559
22183 1528
22199 1518
22216 1506
22232 1495
22248 1481
22265 1472
22281 1459
22298 1439
22314 1434
22330 1418
22347 1409
22363 1397
22379 1383
22396 1366
22412 1359
22429 1347
22445 1322
22461 1324
22478 1304
22494 1349
22511 1288
22527 1283
22543 1175
22560 1263
22576 1253
22593 1237
22609 1236
22625 1229
22642 1212
22658 1209
22675 1205
22691 1199
22707 1191
22724 1187
22740 1183
22757 1174
22773 1174
22789 1176
22806 1167
22822 1168
22839 1168
22855 1170
22871 1166
22888 1169
22904 1168
22920 1088
22937 1167
22953 1169
22970 1225
22986 1177
23002 1181
23019 1174
23035 1185
23052 1195
23068 1215
23084 1210
23101 1219
23117 1229
23134 1230
23150 1241
23166 1258
23183 1260
23199 1266
23216 1276
23232 1288
23248 1292
23265 1307
23281 1317
23298 1327
23314 1333
23330 1352
23347 1362
23363 1377
23379 1388
23396 1398
23412 1408
23429 1420
23445 1388
23461 1443
23478 1453
23494 1505
23511 1481
23527 1489
23543 1539
23560 1513
23576 1525
23593 1538
23609 1545
23625 1555
23642 1572
23658 1576
23675 1586
23691 1589
23707 1598
23724 1607
23740 1613
23757 1624
23773 1629
23789 1634
23806 1640
23822 1647
23839 1651
23855 1657
23871 1663
23888 1659
23904 1665
23920 1655
23937 1672
23953 1670
23970 1641
23986 1672
24002 1672
24019 1686
24035 1669
24052 1663
24068 1671
24084 1661
24101 1660
24117 1645
24134 1651
24150 1646
24166 1641
24183 1633
24199 1632
24216 1620
24232 1613
24248 1606
24265 1604
24281 1594
24298 1588
24314 1572
24330 1569
24347 1559
24363 1544
24379 1533
24396 1530
24412 1516
24429 1509
24445 1468
24461 1487
24478 1475
24494 1441
24511 1454
24527 1441
24543 1396
24560 1420
24576 1409
24593 1398
24609 1389
24625 1376
24642 1363
24658 1358
24675 1346
24691 1335
24707 1325
24724 1317
24740 1308
24757 1297
24773 1292
24789 1280
24806 1351
24822 1424
24839 1468
24855 1494
24871 1507
24888 1527
24904 1534
24920 1522
24937 1554
24953 1556
24970 1536
24986 1558
25002 1564
25019 1550
25035 1567
25052 1565
25068 1567
25084 1564
25101 1571
25117 1565
25134 1565
25150 1563
25166 1556
25183 1560
25199 1560
25216 1560
25232 1558
25248 1556
25265 1556
25281 1555
25298 1557
25314 1550
25330 1552
25347 1548
25363 1550
25379 1551
25396 1548
25412 1538
25429 1542
25445 1524
25461 1541
25478 1538
25494 1579
25511 1540
25527 1539
25543 1632
25560 1534
25576 1535
25593 1535
25609 1530
25625 1531
25642 1529
25658 1530
25675 1532
25691 1526
25707 1527
25724 1518
25740 1522
25757 1524
25773 1529
25789 1521
25806 1526
25822 1520
25839 1517
25855 1523
25871 1524
25888 1520
25904 1520
25920 1532
25937 1518
25953 1519
25970 1514
25986 1514
26002 1520
26019 1557
26035 1515
26052 1513
26068 1514
26084 1509
26101 1515
26117 1507
26134 1512
26150 1508
26166 1514
26183 1509
26199 1508
26216 1523
26232 1509
26248 1507
26265 1508
26281 1510
26298 1502
26314 1504
26330 1505
26347 1506
26363 1504
26379 1504
26396 1509
26412 1507
26429 1508
26445 1564
26461 1506
26478 1502
26494 1565
26511 1503
26527 1498
26543 1512
26560 1492
26576 1499
26593 1516
26609 1503
26625 1502
26642 1496
26658 1497
26675 1499
26691 1498
26707 1494
26724 1497
26740 1496
26757 1498
26773 1494
26789 1497
26806 1495
26822 1495
26839 1496
26855 1492
26871 1494
26888 1493
26904 1498
26920 1494
26937 1492
26953 1492
26970 1466
26986 1491
27002 1495
27019 1451
27035 1492
27052 1498
27068 1489
27084 1490
27101 1493
27117 1485
27134 1485
27150 1489
27166 1497
27183 1485
27199 1489
27216 1485
27232 1487
27248 1487
27265 1487
27281 1486
27298 1489
27314 1487
27330 1486
27347 1486
27363 1497
27379 1485
27396 1485
27412 1483
27429 1490
27445 1425
27461 1486
27478 1485
27494 1422
27511 1483
27527 1485
27543 1552
27560 1480
27576 1480
27593 1482
27609 1482
27625 1483
27642 1485
27658 1482
27675 1483
27691 1483
27707 1483
27724 1483
27740 1484
27757 1484
27773 1481
27789 1480
27806 1480
27822 1480
27839 1480
27855 1479
27871 1479
27888 1484
27904 1480
27920 1468
27937 1480
27953 1479
27970 1502
27986 1476
28002 1479
28019 1488
28035 1473
28052 1478
28068 1492
28084 1475
28101 1480
28117 1466
28134 1481
28150 1477
28166 1478
28183 1473
28199 1473
28216 1493
28232 1475
28248 1475
28265 1473
28281 1475
28298 1476
28314 1473
28330 1473
28347 1473
28363 1476
28379 1475
28396 1474
28412 1473
28429 1474
28445 1393
28461 1477
28478 1475
28494 1442
28511 1479
28527 1473
28543 1543
28560 1472
28576 1474
28593 1478
28609 1472
28625 1474
28642 1458
28658 1473
28675 1472
28691 1470
28707 1471
28724 1468
28740 1473
28757 1469
28773 1473
28789 1472
28806 1473
28822 1459
28839 1472
28855 1468
28871 1472
28888 1474
28904 1472
28920 1468
28937 1472
28953 1469
28970 1472
28986 1468
29002 1486
29019 1474
29035 1470
29052 1468
29068 1466
29084 1469
29101 1473
29117 1470
29134 1471
29150 1527
29166 1470
29183 1470
29199 1515
29216 1470
29232 1471
29248 1548
29265 1470
29281 1467
29298 1477
29314 1477
29330 1472
29347 1469
29363 1464
29379 1466
29396 1461
29412 1468
29429 1468
29445 1466
29461 1472
29478 1468
29494 1469
29511 1470
29527 1464
29543 1469
29560 1468
29576 1469
29593 1466
29609 1465
29625 1454
29642 1470
29658 1464
29675 1531
29691 1468
29707 1468
29724 1465
29740 1467
29757 1465
29773 1465
29789 1463
29806 1469
29822 1468
29839 1466
29855 1466
29871 1467
29888 1464
29904 1467
29920 1465
29937 1465
29953 1465
29970 1461
29986 1466
30002 1467
30019 1536
30035 1467
30052 1463
30068 1460
30084 1466
30101 1465
30117 1461
30134 1468
30150 1466
30166 1467
30183 1465
30199 1465
30216 1467
30232 1463
30248 1464
30265 1467
30281 1463
30298 1468
30314 1465
30330 1462
30347 1466
30363 1467
30379 1462
30396 1463
30412 1462
30429 1465
30445 1442
30461 1467
30478 1464
30494 1423
30511 1466
30527 1464
30543 1455
30560 1466
30576 1464
30593 1459
30609 1465
30625 1463
30642 1476
30658 1460
30675 1464
30691 1464
30707 1465
30724 1463
30740 1462
30757 1462
30773 1463
30789 1462
30806 1464
30822 1461
30839 1463
30855 1464
30871 1464
30888 1463
30904 1464
30920 1460
30937 1464
30953 1462
30970 1459
30986 1465
31002 1460
31019 1434
31035 1464
31052 1461
31068 1452
31084 1461
31101 1463
31117 1459
31134 1465
31150 1461
31166 1476
31183 1460
31199 1463
31216 1448
31232 1461
31248 1463
31265 1467
31281 1461
31298 1464
31314 1471
31330 1461
31347 1463
31363 1464
31379 1459
31396 1468
31412 1459
31429 1463
31445 1463
31461 1459
31478 1457
31494 1461
31511 1460
31527 1459
31543 1465
31560 1459
31576 1462
31593 1449
31609 1461
31625 1460
31642 1452
31658 1461
31675 1462
31691 1459
31707 1462
31724 1460
31740 1466
31757 1464
31773 1462
31789 1459
31806 1462
31822 1457
31839 1459
31855 1457
31871 1462
31888 1461
31904 1461
31920 1462
31937 1460
31953 1466
31970 1463
31986 1460
32002 1461
32019 1431
32035 1461
32052 1461
32068 1476
32084 1459
32101 1459
32117 1465
32134 1459
32150 1468
32166 1453
32183 1458
32199 1461
32216 1460
32232 1463
32248 1457
32265 1461
32281 1460
32298 1460
32314 1460
32330 1459
32347 1459
32363 1462
32379 1464
32396 1458
32412 1459
32429 1458
32445 1380
32461 1463
32478 1458
32494 1505
32511 1458
32527 1458
32543 1433
32560 1458
32576 1460
32593 1450
32609 1460
32625 1457
32642 1458
32658 1458
32675 1458
32691 1455
32707 1459
32724 1460
32740 1459
32757 1451
32773 1461
32789 1460
32806 1461
32822 1460
32839 1457
32855 1459
32871 1458
32888 1455
32904 1460
32920 1457
32937 1456
32953 1456
32970 1405
32986 1458
33002 1464
33019 1424
33035 1456
33052 1460
33068 1533
33084 1457
33101 1460
33117 1459
33134 1456
33150 1461
33166 1452
33183 1460
33199 1459
33216 1448
33232 1460
33248 1457
33265 1459
33281 1455
33298 1456
33314 1462
33330 1460
33347 1457
33363 1460
33379 1458
33396 1459
33412 1457
33429 1455
33445 1456
33461 1458
33478 1458
33494 1404
33511 1458
33527 1457
33543 1473
33560 1458
33576 1453
33593 1464
33609 1456
