2 1331
55 1282
71 1237
87 1195
104 1146
120 1105
137 1058
153 1017
169 974
187 934
203 897
220 808
236 824
253 792
269 803
285 732
302 706
318 674
335 649
351 633
367 603
384 593
400 576
417 581
433 550
449 545
466 537
482 532
498 530
515 521
531 530
548 536
564 543
580 543
597 560
613 572
630 587
646 599
662 624
679 646
695 669
712 692
728 717
744 690
761 769
777 806
794 849
810 870
826 901
843 954
859 976
876 1014
892 1055
908 1092
925 1130
941 1166
957 1214
974 1253
990 1292
1007 1339
1023 1379
1039 1414
1056 1457
1072 1499
1089 1532
1105 1579
1121 1616
1138 1656
1154 1695
1171 1858
1188 1771
1205 1805
1221 1838
1237 1865
1254 1902
1270 1956
1287 1958
1303 1983
1319 1978
1336 2030
1352 2059
1368 2074
1385 2091
1401 2103
1418 2136
1434 2137
1450 2144
1467 2147
1483 2159
1500 2163
1516 2163
1532 2169
1549 2165
1565 2167
1582 2161
1598 2153
1614 2145
1631 2131
1647 2122
1664 2108
1680 2094
1696 2078
1713 2057
1729 2033
1746 2041
1762 1993
1778 1969
1795 1920
1811 1915
1827 1885
1844 1927
1860 1831
1877 1794
1893 1765
1909 1732
1926 1699
1942 1666
1959 1629
1975 1593
1991 1576
2008 1526
2024 1490
2041 1455
2057 1416
2073 1384
2090 1300
2106 1315
2123 1279
2139 1248
2155 1214
2172 1180
2189 1151
2206 1120
2222 1088
2238 1060
2255 1031
2271 1006
2288 985
2304 957
2320 940
2337 911
2353 892
2370 928
2386 855
2402 842
2419 872
2435 814
2452 803
2468 802
2484 786
2501 783
2517 776
2534 778
2550 774
2566 775
2583 777
2599 779
2616 785
2632 793
2648 803
2665 811
2681 824
2697 833
2714 851
2730 864
2747 880
2763 899
2779 921
2796 937
2812 967
2829 983
2845 1003
2861 1036
2878 1060
2894 1153
2911 1115
2927 1144
2943 1171
2960 1199
2976 1231
2993 1275
3009 1292
3025 1318
3042 1353
3058 1383
3075 1413
3091 1445
3107 1472
3124 1498
3140 1535
3156 1559
3173 1587
3190 1619
3207 1645
3223 1662
3240 1699
3256 1725
3272 1745
3289 1769
3305 1793
3322 1812
3338 1831
3354 1854
3371 1886
3387 1886
3404 1903
3420 1917
3436 1927
3453 1938
3469 1997
3486 1948
3502 1963
3518 1974
3535 1978
3551 1977
3567 1970
3584 1974
3600 1978
3617 1974
3633 1967
3649 1962
3666 1956
3682 1950
3699 1938
3715 1928
3731 1914
3748 1903
3764 1889
3781 1877
3797 1853
3813 1839
3830 1817
3846 1802
3863 1780
3879 1762
3895 1739
3912 1720
3928 1688
3945 1640
3961 1642
3977 1617
3994 1605
4010 1569
4026 1544
4043 1517
4059 1490
4076 1465
4092 1432
4108 1414
4125 1386
4141 1358
4158 1337
4174 1309
4192 1300
4208 1259
4224 1237
4241 1211
4257 1193
4274 1168
4290 1151
4306 1127
4323 1110
4339 1089
4356 1072
4372 1053
4388 1042
4405 1028
4421 1017
4437 1004
4454 993
4470 987
4487 970
4503 967
4519 904
4536 953
4552 950
4569 812
4585 941
4601 946
4618 940
4634 945
4651 950
4667 958
4683 964
4700 964
4716 993
4733 987
4749 995
4765 1006
4782 1018
4798 1027
4815 1045
4831 1067
4847 1076
4864 1090
4880 1111
4896 1127
4913 1147
4929 1168
4946 1160
4962 1205
4978 1231
4995 1250
5011 1268
5028 1291
5044 1315
5060 1335
5077 1367
5093 1391
5110 1405
5126 1429
5142 1448
5159 1473
5175 1492
5193 1513
5209 1536
5226 1560
5242 1579
5258 1602
5275 1618
5291 1635
5307 1650
5324 1674
5340 1690
5357 1709
5373 1714
5389 1735
5406 1751
5422 1762
5439 1774
5455 1784
5471 1791
5488 1801
5504 1809
5521 1774
5537 1822
5553 1829
5570 1857
5586 1836
5603 1834
5619 1828
5635 1838
5652 1833
5668 1824
5685 1832
5701 1825
5717 1832
5734 1822
5750 1805
5766 1789
5783 1785
5799 1773
5816 1769
5832 1756
5848 1744
5865 1727
5881 1711
5898 1701
5914 1682
5930 1666
5947 1651
5963 1629
5980 1621
5996 1602
6012 1582
6029 1563
6045 1545
6062 1522
6078 1507
6094 1450
6111 1463
6127 1443
6144 1448
6160 1406
6176 1391
6194 1393
6210 1357
6227 1332
6243 1304
6259 1295
6276 1276
6292 1266
6309 1244
6325 1236
6341 1214
6358 1200
6374 1185
6391 1172
6407 1160
6423 1151
6440 1139
6456 1130
6473 1116
6489 1110
6505 1101
6522 1094
6538 1086
6555 1085
6571 1075
6587 1075
6604 1069
6620 1081
6636 1070
6653 1073
6669 1124
6686 1074
6702 1074
6718 1058
6735 1088
6751 1089
6768 1101
6784 1107
6800 1115
6817 1125
6833 1129
6850 1143
6866 1151
6882 1164
6899 1171
6915 1187
6932 1202
6948 1218
6964 1231
6981 1237
6997 1251
7014 1275
7030 1287
7046 1307
7063 1319
7079 1336
7095 1349
7112 1366
7128 1386
7145 1407
7161 1419
7177 1436
7195 1454
7211 1464
7228 1485
7244 1565
7261 1517
7277 1535
7293 1469
7310 1558
7326 1579
7343 1588
7359 1601
7375 1614
7392 1625
7408 1642
7425 1652
7441 1640
7457 1668
7474 1673
7490 1690
7506 1695
7523 1701
7539 1700
7556 1712
7572 1716
7588 1720
7605 1722
7621 1726
7638 1729
7654 1726
7670 1760
7687 1728
7703 1725
7720 1728
7736 1720
7752 1720
7769 1732
7785 1701
7802 1700
7818 1714
7834 1686
7851 1679
7867 1676
7884 1661
7900 1650
7916 1637
7933 1627
7949 1618
7965 1600
7982 1597
7998 1581
8015 1573
8031 1554
8047 1547
8064 1531
8080 1520
8097 1507
8113 1494
8129 1474
8146 1472
8162 1447
8179 1435
8196 1421
8213 1407
8229 1386
8245 1388
8262 1362
8278 1352
8294 1342
8311 1326
8327 1312
8344 1288
8360 1290
8376 1282
8393 1266
8409 1260
8426 1250
8442 1244
8458 1226
8475 1222
8491 1203
8508 1208
8524 1199
8540 1188
8557 1188
8573 1182
8590 1180
8606 1176
8622 1173
8639 1172
8655 1170
8672 1167
8688 1168
8704 1169
8721 1170
8737 1172
8753 1175
8770 1178
8786 1183
8803 1186
8819 1245
8835 1197
8852 1201
8868 1334
8885 1217
8901 1226
8917 1224
8934 1242
8950 1254
8967 1252
8983 1270
8999 1279
9016 1289
9032 1300
9049 1314
9065 1323
9081 1337
9098 1349
9114 1360
9131 1381
9147 1383
9163 1394
9180 1403
9196 1419
9213 1431
9229 1444
9245 1504
9262 1469
9278 1478
9295 1474
9311 1498
9327 1513
9344 1537
9360 1534
9377 1543
9393 1561
9409 1563
9426 1573
9442 1571
9459 1587
9475 1595
9491 1602
9508 1609
9524 1617
9540 1620
9557 1629
9573 1633
9590 1639
9606 1636
9622 1642
9639 1644
9655 1653
9672 1650
9688 1644
9704 1646
9721 1639
9737 1649
9754 1646
9770 1605
9786 1644
9803 1636
9819 1682
9836 1630
9852 1626
9868 1612
9885 1619
9901 1606
9918 1607
9934 1597
9950 1586
9967 1584
9983 1572
9999 1566
10016 1553
10032 1547
10049 1537
10065 1525
10081 1524
10098 1510
10114 1497
10131 1490
10147 1479
10163 1467
10180 1458
10196 1447
10213 1436
10229 1427
10246 1425
10262 1405
10278 1397
10295 1437
10311 1377
10327 1365
10344 1398
10360 1351
10377 1343
10393 1338
10409 1321
10426 1312
10442 1294
10459 1297
10475 1291
10491 1283
10508 1275
10524 1270
10541 1268
10557 1258
10573 1257
10590 1249
10606 1249
10623 1237
10639 1239
10655 1236
10672 1234
10688 1239
10705 1234
10721 1230
10737 1232
10754 1231
10770 1205
10786 1239
10803 1239
10819 1204
10836 1244
10852 1245
10868 1283
10885 1255
10901 1255
10918 1260
10934 1277
10950 1273
10967 1278
10983 1287
11000 1300
11016 1303
11032 1310
11049 1320
11065 1322
11082 1332
11098 1345
11114 1353
11131 1359
11147 1365
11164 1374
11180 1380
11196 1395
11213 1401
11229 1413
11246 1428
11262 1427
11278 1442
11295 1450
11311 1453
11327 1466
11344 1455
11360 1485
11377 1486
11393 1489
11409 1507
11426 1515
11442 1515
11459 1528
11475 1530
11491 1545
11508 1551
11524 1555
11541 1562
11557 1568
11573 1571
11590 1574
11606 1570
11623 1585
11639 1586
11655 1587
11672 1592
11688 1595
11705 1596
11721 1594
11737 1598
11754 1595
11770 1487
11786 1594
11803 1592
11819 1658
11836 1589
11852 1590
11868 1601
11885 1581
11901 1577
11918 1575
11934 1571
11950 1567
11967 1555
11983 1554
12000 1545
12016 1543
12032 1534
12049 1531
12065 1525
12082 1518
12098 1511
12114 1501
12131 1498
12147 1489
12164 1480
12180 1478
12196 1462
12213 1454
12229 1452
12246 1440
12262 1433
12278 1426
12295 1472
12311 1410
12328 1403
12344 1463
12360 1387
12377 1378
12393 1410
12410 1364
12426 1359
12442 1343
12459 1342
12475 1339
12492 1337
12508 1329
12524 1319
12541 1315
12557 1312
12573 1306
12590 1303
12606 1288
12623 1296
12639 1291
12655 1289
12672 1287
12688 1286
12705 1280
12721 1284
12737 1285
12754 1282
12770 1293
12787 1282
12803 1277
12819 1227
12836 1285
12852 1285
12869 1299
12885 1288
12901 1293
12918 1289
12934 1297
12951 1301
12967 1302
12983 1311
13000 1316
13016 1321
13032 1327
13049 1329
13065 1339
13082 1342
13098 1344
13114 1353
13131 1359
13147 1367
13164 1381
13180 1371
13196 1388
13213 1390
13229 1397
13246 1409
13262 1416
13278 1417
13295 1412
13311 1431
13328 1442
13344 1415
13360 1454
13377 1460
13393 1426
13410 1471
13426 1481
13442 1488
13459 1490
13475 1494
13492 1495
13508 1511
13524 1513
13541 1502
13557 1520
13573 1529
13590 1530
13606 1531
13623 1539
13639 1537
13655 1538
13672 1543
13688 1545
13705 1543
13721 1548
13737 1548
13754 1552
13770 1611
13787 1551
13803 1552
13819 1543
13836 1553
13852 1548
13869 1538
13885 1546
13901 1544
13918 1541
13934 1538
13951 1538
13967 1537
13983 1529
14000 1525
14016 1524
14032 1520
14049 1514
14065 1509
14082 1505
14098 1505
14114 1489
14131 1491
14147 1486
14164 1480
14180 1476
14196 1468
14213 1463
14229 1455
14246 1449
14262 1448
14278 1437
14295 1444
14311 1429
14328 1420
14344 1389
14360 1416
14377 1409
14393 1253
14410 1397
14426 1381
14442 1381
14459 1377
14475 1373
14492 1366
14508 1362
14524 1356
14541 1373
14557 1351
14574 1351
14590 1343
14606 1342
14623 1338
14639 1333
14655 1331
14672 1327
14688 1327
14705 1325
14721 1322
14737 1324
14754 1322
14770 1348
14787 1323
14803 1323
14819 1319
14836 1330
14852 1321
14869 1334
14885 1321
14901 1324
14918 1325
14934 1327
14951 1321
14967 1322
14983 1332
15000 1339
15016 1340
15033 1347
15049 1343
15065 1347
15082 1353
15098 1356
15114 1360
15131 1367
15147 1371
15164 1375
15180 1383
15197 1387
15213 1389
15229 1395
15246 1398
15262 1406
15279 1411
15295 1350
15311 1420
15328 1426
15344 1402
15361 1439
15377 1437
15393 1515
15410 1448
15426 1448
15442 1470
15459 1461
15475 1465
15492 1453
15508 1475
15524 1477
15541 1497
15557 1485
15574 1486
15590 1494
15606 1492
15623 1499
15639 1507
15656 1504
15672 1504
15688 1506
15705 1511
15721 1513
15738 1513
15754 1515
15770 1516
15787 1520
15803 1515
15820 1505
15836 1519
15852 1518
15869 1505
15885 1516
15901 1513
15918 1505
15934 1513
15951 1512
15967 1528
15983 1514
16000 1503
16016 1503
16033 1499
16049 1498
16065 1489
16082 1492
16098 1610
16115 1486
16131 1485
16147 1476
16164 1476
16180 1473
16197 1466
16213 1465
16229 1460
16246 1451
16262 1452
16279 1448
16295 1443
16311 1438
16328 1432
16344 1433
16360 1425
16377 1421
16393 1419
16410 1414
16426 1408
16442 1405
16459 1401
16475 1397
16492 1389
16508 1390
16524 1370
16541 1384
16557 1382
16574 1336
16590 1373
16606 1375
16623 1384
16639 1366
16656 1363
16672 1360
16688 1360
16705 1357
16721 1363
16738 1356
16754 1349
16770 1363
16787 1349
16803 1346
16819 1348
16836 1349
16852 1349
16869 1351
16885 1348
16901 1350
16918 1350
16934 1348
16951 1349
16967 1354
16983 1353
17000 1387
17016 1358
17033 1360
17049 1355
17065 1363
17082 1363
17098 1368
17115 1370
17131 1374
17147 1379
17164 1381
17180 1379
17197 1384
17213 1385
17229 1393
17246 1398
17262 1402
17279 1402
17295 1410
17311 1411
17328 1416
17344 1365
17361 1423
17377 1424
17393 1442
17410 1434
17426 1437
17443 1435
17459 1447
17475 1449
17492 1453
17508 1456
17525 1459
17541 1463
17557 1460
17574 1466
17590 1474
17606 1477
17623 1478
17639 1479
17656 1480
17672 1481
17688 1486
17705 1489
17721 1489
17738 1489
17754 1489
17770 1493
17787 1495
17803 1502
17820 1551
17836 1492
17852 1497
17869 1454
17885 1495
17902 1494
17918 1509
17934 1495
17951 1493
17967 1490
17984 1492
18000 1491
18016 1491
18033 1488
18049 1485
18065 1480
18082 1482
18098 1472
18115 1479
18131 1475
18147 1473
18164 1472
18180 1468
18197 1458
18213 1462
18229 1458
18246 1457
18262 1451
18279 1450
18295 1360
18311 1440
18328 1438
18344 1449
18361 1433
18377 1426
18393 1410
18410 1420
18426 1421
18443 1415
18459 1412
18475 1408
18492 1409
18508 1398
18525 1401
18541 1386
18557 1396
18574 1390
18590 1389
18606 1383
18623 1386
18639 1381
18656 1367
18672 1377
18688 1377
18705 1372
18721 1373
18738 1370
18754 1369
18770 1365
18787 1367
18803 1365
18820 1364
18836 1364
18852 1364
18869 1358
18885 1363
18902 1363
18918 1401
18934 1362
18951 1363
18967 1373
18984 1368
19000 1366
19016 1369
19033 1370
19049 1369
19065 1366
19082 1371
19098 1373
19115 1376
19131 1377
19147 1389
19164 1379
19180 1382
19197 1389
19213 1391
19229 1395
19246 1392
19262 1400
19279 1399
19295 1415
19311 1408
19328 1409
19344 1413
19361 1414
19377 1415
19393 1430
19410 1424
19426 1427
19443 1430
19459 1435
19475 1436
19492 1427
19508 1442
19525 1444
19541 1445
19557 1449
19574 1450
19590 1455
19606 1456
19623 1462
19639 1463
19656 1465
19672 1463
19688 1468
19705 1466
19721 1474
19738 1472
19754 1473
19770 1476
19787 1474
19803 1477
19820 1488
19836 1477
19852 1480
19869 1524
19885 1480
19902 1476
19918 1465
19934 1477
19951 1481
19967 1478
19984 1481
20000 1477
20016 1476
20033 1475
20049 1475
20065 1478
20082 1473
20098 1468
20115 1471
20131 1468
20147 1468
20164 1463
20180 1459
20197 1458
20213 1458
20229 1458
20246 1452
20262 1452
20279 1449
20295 1435
20311 1445
20328 1445
20344 1440
20361 1442
20377 1436
20393 1425
20410 1430
20426 1431
20443 1422
20459 1427
20475 1413
20492 1419
20508 1416
20525 1417
20541 1415
20557 1410
20574 1403
20590 1406
20606 1399
20623 1404
20639 1404
20656 1398
20672 1397
20688 1396
20705 1390
20721 1394
20738 1394
20754 1390
20770 1386
20787 1395
20803 1383
20820 1391
20836 1386
20852 1387
20869 1450
20885 1385
20902 1383
20918 1239
20934 1380
20951 1386
20967 1385
20984 1382
21000 1383
21016 1385
21033 1388
21049 1384
21065 1386
21082 1387
21098 1390
21115 1391
21131 1388
21147 1395
21164 1394
21180 1395
21197 1396
21213 1396
21229 1399
21246 1397
21262 1406
21279 1401
21295 1423
21311 1408
21328 1412
21344 1461
21361 1415
21377 1413
21393 1474
21410 1425
21426 1427
21443 1438
21459 1423
21475 1428
21492 1420
21508 1432
21525 1429
21541 1429
21557 1438
21574 1441
21590 1443
21606 1442
21623 1443
21639 1441
21656 1446
21672 1442
21688 1450
21705 1448
21721 1453
21738 1454
21754 1456
21770 1453
21787 1454
21803 1457
21820 1491
21836 1458
21852 1459
21869 1500
21885 1462
21902 1463
21918 1490
21934 1460
21951 1459
21967 1475
21984 1462
22000 1465
22016 1462
22033 1453
22049 1463
22065 1459
22082 1459
22098 1458
22115 1458
22131 1455
22147 1453
22164 1456
22180 1454
22197 1454
22213 1450
22229 1446
22246 1448
22262 1449
22279 1446
22295 1449
22311 1446
22328 1443
22344 1434
22361 1437
22377 1437
22393 1473
22410 1435
22426 1433
22443 1426
22459 1433
22475 1428
22492 1426
22508 1427
22525 1423
22541 1420
22557 1419
22574 1420
22590 1412
22606 1416
22623 1414
22639 1413
22656 1415
22672 1410
22688 1410
22705 1405
22721 1406
22738 1403
22754 1405
22770 1402
22787 1398
22803 1400
22820 1463
22836 1399
22852 1399
22869 1370
22885 1400
22902 1396
22918 1338
22934 1397
22951 1397
22967 1397
22984 1397
23000 1394
23016 1398
23033 1396
23049 1398
23065 1395
23082 1399
23098 1396
23115 1398
23131 1398
23147 1397
23164 1401
23180 1402
23197 1403
23213 1404
23229 1403
23246 1404
23262 1407
23279 1406
23295 1407
23311 1406
23328 1412
23344 1412
23361 1415
23377 1413
23393 1380
23410 1414
23426 1423
23443 1428
23459 1420
23475 1422
23492 1418
23508 1427
23525 1428
23541 1428
23557 1427
23574 1430
23590 1427
23606 1435
23623 1435
23639 1434
23656 1434
23672 1437
23688 1441
23705 1442
23721 1437
23738 1441
23754 1445
23770 1442
23787 1450
23803 1447
23820 1370
23836 1451
23852 1447
23869 1443
23885 1451
23902 1448
23918 1415
23934 1451
23951 1452
23967 1456
23984 1452
24000 1452
24016 1451
24033 1454
24049 1455
24065 1453
24082 1454
24098 1452
24115 1453
24131 1452
24147 1450
24164 1447
24180 1451
24197 1457
24213 1443
24229 1450
24246 1444
24262 1444
24279 1444
24295 1438
24311 1441
24328 1444
24344 1443
24361 1441
24377 1439
24393 1456
24410 1435
24426 1436
24443 1425
24459 1424
24475 1432
24492 1421
24508 1428
24525 1428
24541 1440
24557 1424
24574 1420
24590 1421
24606 1420
24623 1419
24639 1417
24656 1420
24672 1414
24688 1414
24705 1412
24721 1411
24738 1413
24754 1412
24770 1409
24787 1412
24803 1434
24820 1396
24836 1504
24852 1531
24869 1575
24885 1558
24902 1567
24918 1584
24934 1580
24951 1588
24967 1595
24984 1594
25000 1601
25016 1601
25033 1599
25049 1604
25065 1599
25082 1603
25098 1601
25115 1600
25131 1603
25147 1598
25164 1597
25180 1596
25197 1597
25213 1593
25229 1589
25246 1582
25262 1584
25279 1579
25295 1577
25311 1580
25328 1572
25344 1538
25361 1571
25377 1565
25393 1526
25410 1563
25426 1560
25443 1437
25459 1555
25475 1555
25492 1552
25508 1550
25525 1551
25541 1553
25557 1542
25574 1545
25590 1550
25606 1540
25623 1541
25639 1532
25656 1540
25672 1536
25688 1538
25705 1537
25721 1535
25738 1533
25754 1533
25770 1532
25787 1531
25803 1532
25820 1506
25836 1528
25852 1526
25869 1528
25885 1526
25902 1523
25918 1507
25934 1523
25951 1524
25967 1517
25984 1520
26000 1522
26016 1522
26033 1519
26049 1516
26065 1516
26082 1520
26098 1555
26115 1516
26131 1517
26147 1499
26164 1514
26180 1514
26197 1523
26213 1518
26229 1513
26246 1519
26262 1509
26279 1511
26295 1514
26311 1507
26328 1512
26344 1507
26361 1508
26377 1507
26393 1507
26410 1504
26426 1508
26443 1505
26459 1504
26475 1508
26492 1504
26508 1499
26525 1490
26541 1510
26557 1504
26574 1494
26590 1505
26606 1502
26623 1484
26639 1498
26656 1503
26672 1485
26688 1498
26705 1504
26721 1503
26738 1500
26754 1500
26770 1496
26787 1497
26803 1499
26820 1500
26836 1497
26852 1496
26869 1496
26885 1497
26902 1496
26918 1497
26934 1496
26951 1497
26967 1492
26984 1495
27000 1492
27016 1492
27033 1494
27049 1494
27065 1494
27082 1492
27098 1493
27115 1495
27131 1492
27147 1490
27164 1493
27180 1488
27197 1491
27213 1491
27229 1490
27246 1490
27262 1494
27279 1490
27295 1492
27311 1489
27328 1480
27344 1505
27361 1488
27377 1486
27393 1435
27410 1490
27426 1487
27443 1515
27459 1488
27475 1487
27492 1491
27508 1485
27525 1485
27541 1477
27557 1488
27574 1486
27590 1479
27606 1485
27623 1485
27639 1484
27656 1484
27672 1483
27688 1483
27705 1483
27721 1486
27738 1482
27754 1486
27770 1484
27787 1484
27803 1481
27820 1406
27836 1484
27852 1482
27869 1485
27885 1486
27902 1484
27918 1476
27934 1481
27951 1481
27967 1484
27984 1482
28000 1483
28016 1482
28033 1482
28049 1481
28065 1480
28082 1479
28098 1482
28115 1485
28131 1479
28147 1479
28164 1480
28180 1480
28197 1485
28213 1483
28229 1479
28246 1482
28262 1480
28279 1480
28295 1481
28311 1483
28328 1479
28344 1495
28361 1479
28377 1475
28393 1455
28410 1475
28426 1479
28443 1437
28459 1479
28475 1475
28492 1480
28508 1477
28525 1476
28541 1478
28557 1476
28574 1476
28590 1467
28606 1478
28623 1475
28639 1478
28656 1477
28672 1475
28688 1477
28705 1474
28721 1476
28738 1474
28754 1479
28770 1476
28787 1475
28803 1473
28820 1429
28836 1480
28852 1478
28869 1455
28885 1473
28902 1472
28918 1495
28934 1476
28951 1475
28967 1471
28984 1472
29000 1475
29016 1475
29033 1473
29049 1475
29065 1475
29082 1473
29098 1476
29115 1473
29131 1473
29147 1475
29164 1476
29180 1474
29197 1472
29213 1473
29229 1473
29246 1474
29262 1473
29279 1470
29295 1472
29311 1470
29328 1477
29344 1472
29361 1473
29377 1471
29393 1452
29410 1473
29426 1472
29443 1455
29459 1472
29475 1473
29492 1471
29508 1469
29525 1472
29541 1474
29557 1471
29574 1471
29590 1483
29606 1471
29623 1472
29639 1471
29656 1469
29672 1465
29688 1470
29705 1471
29721 1465
29738 1471
29754 1469
29770 1470
29787 1471
29803 1468
29820 1470
29836 1470
29852 1471
29869 1470
29885 1471
29902 1467
29918 1457
29934 1468
29951 1471
29967 1470
29984 1474
30000 1467
30016 1475
30033 1464
30049 1469
30065 1470
30082 1470
30098 1467
30115 1473
30131 1467
30147 1469
30164 1473
30180 1468
30197 1469
30213 1468
30229 1469
30246 1470
30262 1466
30279 1468
30295 1473
30311 1466
30328 1468
30344 1428
30361 1468
30377 1468
30393 1435
30410 1469
30426 1467
30443 1377
30459 1467
30475 1463
30492 1466
30508 1465
30525 1466
30541 1478
30557 1468
30574 1466
30590 1466
30606 1467
30623 1467
30639 1465
30656 1477
30672 1464
30688 1467
30705 1469
30721 1472
30738 1464
30754 1467
30770 1464
30787 1464
30803 1465
30820 1478
30836 1466
30852 1466
30869 1421
30885 1466
30902 1473
30918 1439
30934 1467
30951 1467
30967 1461
30984 1466
31000 1463
31016 1467
31033 1467
31049 1463
31065 1466
31082 1466
31098 1465
31115 1484
31131 1465
31147 1464
31164 1464
31180 1463
31197 1466
31213 1464
31229 1464
31246 1466
31262 1467
31279 1464
31295 1465
31311 1463
31328 1466
31344 1395
31361 1463
31377 1463
31393 1524
31410 1465
31426 1464
31443 1406
31459 1466
31475 1463
31492 1462
31508 1464
31525 1463
31541 1463
31557 1467
31574 1461
31590 1463
31606 1465
31623 1464
31639 1462
31656 1465
31672 1463
31688 1463
31705 1464
31721 1466
31738 1465
31754 1464
31770 1464
31787 1466
31803 1462
31820 1473
31836 1461
31852 1461
31869 1451
31885 1465
31902 1465
31918 1520
31934 1462
31951 1464
31967 1461
31984 1464
32000 1460
32016 1461
32033 1466
32049 1462
32065 1461
32082 1463
32098 1458
32115 1461
32131 1462
32147 1461
32164 1461
32180 1461
32197 1464
32213 1462
32229 1461
32246 1463
32262 1460
32279 1458
32295 1463
32311 1459
32328 1460
32344 1551
32361 1461
32377 1461
32393 1505
32410 1463
32426 1459
32443 1505
32459 1460
32475 1462
32492 1464
32508 1459
32525 1461
32541 1449
32557 1458
32574 1463
32590 1464
32606 1460
32623 1464
32639 1462
32656 1462
32672 1460
32688 1462
32705 1458
32721 1461
32738 1458
32754 1464
32770 1459
32787 1459
32803 1460
32820 1463
32836 1461
32852 1458
32869 1450
32885 1461
32902 1460
32918 1492
32934 1457
32951 1461
32967 1443
32984 1461
33000 1459
33016 1463
33033 1462
33049 1461
33065 1461
33082 1459
33098 1457
33115 1456
33131 1459
33147 1459
33164 1461
33180 1460
33197 1460
33213 1460
33229 1462
33246 1460
33262 1463
33279 1454
33295 1459
33311 1459
33328 1462
33344 1482
33361 1460
33377 1460
33393 1429
33410 1458
33426 1462
33443 1473
33459 1461
33475 1459
33492 1457
33508 1460
33525 1462
33541 1460
33557 1459
33574 1457
33590 1462
33606 1459
