2 1323
55 1228
72 1236
88 1188
105 1146
121 1099
137 1060
154 1017
170 975
187 978
203 899
219 864
236 840
252 795
268 766
285 621
301 708
318 675
334 650
350 631
367 613
383 594
400 574
416 562
432 543
449 543
465 536
482 526
498 526
515 524
531 524
547 530
564 533
580 538
596 547
613 561
629 574
646 590
662 601
678 629
695 646
711 674
728 697
744 719
760 720
777 773
793 806
810 826
826 870
842 902
859 935
875 973
892 1007
908 1053
924 1087
941 1121
957 1163
974 1200
990 1239
1006 1275
1023 1316
1039 1355
1055 1399
1072 1440
1088 1474
1105 1511
1121 1538
1137 1587
1154 1624
1170 1658
1187 1691
1203 1729
1219 1759
1236 1793
1252 1819
1269 1852
1285 1880
1301 1906
1318 1929
1334 1956
1351 1978
1367 1998
1383 2016
1400 2035
1416 2051
1433 2065
1449 2080
1465 2085
1482 2034
1498 2104
1515 2110
1531 2100
1547 2113
1564 2116
1580 2140
1596 2112
1613 2106
1629 2099
1646 2091
1662 2083
1678 2064
1695 2058
1711 2040
1728 2019
1744 2010
1760 1993
1777 1970
1793 1950
1810 1931
1826 1909
1842 1878
1859 1855
1875 1827
1892 1805
1908 1778
1924 1747
1941 1718
1957 1688
1974 1661
1990 1630
2006 1640
2023 1563
2039 1537
2055 1496
2072 1477
2088 1445
2105 1413
2121 1383
2137 1351
2154 1317
2170 1302
2187 1266
2203 1235
2219 1212
2236 1183
2252 1161
2269 1133
2285 1108
2301 1089
2318 1068
2334 1044
2351 1024
2367 1001
2383 991
2400 971
2416 955
2433 942
2449 933
2465 917
2482 903
2498 900
2515 891
2531 940
2547 885
2564 882
2580 843
2597 878
2613 879
2629 890
2646 885
2662 891
2679 898
2695 904
2711 918
2728 922
2744 934
2761 950
2777 986
2793 974
2810 992
2826 1006
2842 1024
2859 1044
2875 1064
2892 1084
2908 1107
2924 1125
2941 1152
2957 1171
2974 1193
2990 1212
3006 1263
3023 1265
3039 1291
3056 1291
3072 1340
3088 1360
3105 1390
3121 1410
3138 1436
3154 1594
3170 1487
3187 1507
3203 1541
3220 1553
3236 1575
3252 1601
3269 1620
3285 1639
3301 1662
3318 1678
3334 1697
3351 1715
3367 1732
3383 1747
3400 1761
3416 1772
3433 1789
3449 1799
3465 1810
3482 1824
3498 1829
3515 1839
3531 1834
3547 1853
3564 1851
3580 1838
3597 1857
3613 1863
3629 1853
3646 1855
3662 1856
3679 1848
3695 1848
3711 1846
3728 1828
3744 1829
3761 1824
3777 1825
3793 1799
3810 1793
3826 1783
3842 1769
3859 1755
3875 1738
3892 1725
3908 1712
3924 1696
3941 1679
3957 1661
3974 1643
3990 1625
4006 1607
4023 1590
4039 1571
4056 1571
4072 1528
4088 1509
4105 1498
4121 1475
4138 1459
4154 1360
4170 1414
4187 1393
4203 1388
4220 1357
4236 1343
4252 1341
4269 1303
4285 1287
4301 1274
4318 1255
4334 1239
4351 1224
4367 1212
4383 1198
4400 1185
4416 1169
4433 1161
4449 1148
4465 1139
4482 1131
4498 1117
4515 1114
4531 1110
4547 1104
4564 1095
4580 1152
4597 1090
4613 1086
4629 1097
4646 1085
4662 1082
4679 1091
4695 1087
4711 1091
4728 1102
4744 1100
4761 1101
4777 1119
4793 1116
4810 1127
4826 1125
4843 1139
4859 1151
4875 1160
4892 1168
4908 1179
4924 1191
4941 1205
4957 1214
4974 1230
4990 1248
5006 1260
5023 1269
5039 1282
5056 1325
5072 1312
5088 1332
5105 1344
5121 1360
5138 1373
5154 1409
5170 1408
5187 1419
5203 1443
5220 1452
5236 1464
5252 1476
5269 1499
5285 1508
5302 1525
5318 1536
5334 1548
5351 1562
5367 1574
5383 1587
5400 1599
5416 1608
5433 1619
5449 1628
5466 1637
5482 1647
5498 1656
5515 1662
5531 1646
5548 1672
5564 1687
5580 1668
5597 1689
5613 1691
5630 1695
5646 1693
5662 1698
5679 1696
5695 1699
5711 1698
5728 1697
5744 1694
5761 1692
5777 1681
5793 1682
5810 1683
5826 1673
5843 1670
5859 1665
5875 1655
5892 1647
5908 1641
5925 1633
5941 1621
5957 1616
5974 1604
5990 1594
6007 1653
6023 1574
6039 1564
6056 1579
6072 1539
6089 1530
6105 1514
6121 1505
6138 1487
6154 1405
6170 1471
6187 1458
6203 1454
6220 1429
6236 1419
6252 1423
6269 1397
6285 1384
6302 1371
6318 1359
6334 1349
6351 1344
6367 1327
6384 1322
6400 1307
6416 1301
6433 1289
6449 1287
6466 1273
6482 1267
6498 1254
6515 1253
6531 1246
6548 1242
6564 1233
6580 1209
6597 1227
6613 1224
6629 1241
6646 1211
6662 1216
6679 1206
6695 1211
6711 1212
6728 1211
6744 1211
6761 1212
6777 1215
6793 1217
6810 1217
6826 1224
6843 1227
6859 1232
6875 1236
6892 1239
6908 1244
6925 1250
6941 1259
6957 1263
6974 1271
6990 1279
7007 1279
7023 1295
7039 1302
7056 1308
7072 1317
7088 1326
7105 1336
7121 1345
7138 1354
7154 1260
7170 1375
7187 1386
7203 1388
7220 1403
7236 1411
7252 1415
7269 1431
7285 1444
7302 1444
7318 1461
7334 1469
7351 1480
7367 1489
7384 1497
7400 1501
7416 1510
7433 1519
7449 1529
7466 1535
7482 1542
7498 1547
7515 1552
7531 1474
7548 1567
7564 1571
7580 1523
7597 1574
7613 1581
7630 1508
7646 1588
7662 1593
7679 1587
7695 1598
7712 1595
7728 1592
7744 1596
7761 1598
7777 1590
7794 1598
7810 1591
7826 1595
7843 1592
7859 1588
7875 1586
7892 1581
7908 1578
7925 1571
7941 1573
7957 1567
7974 1562
7990 1556
8007 1552
8023 1548
8039 1535
8056 1536
8072 1525
8089 1522
8105 1513
8121 1504
8138 1499
8154 1455
8171 1484
8187 1479
8203 1477
8220 1464
8236 1456
8253 1442
8269 1436
8285 1437
8302 1413
8318 1417
8334 1410
8351 1403
8367 1395
8384 1390
8400 1379
8416 1372
8433 1367
8449 1359
8466 1357
8482 1348
8498 1345
8515 1337
8531 1370
8548 1327
8564 1320
8580 1312
8597 1316
8613 1305
8630 1280
8646 1304
8662 1302
8679 1288
8695 1295
8712 1296
8728 1296
8744 1295
8761 1290
8777 1284
8794 1294
8810 1292
8826 1293
8843 1292
8859 1292
8875 1293
8892 1298
8908 1302
8925 1301
8941 1302
8957 1312
8974 1311
8990 1319
9007 1311
9023 1322
9039 1324
9056 1333
9072 1335
9089 1341
9105 1344
9121 1348
9138 1357
9154 1347
9171 1364
9187 1371
9203 1379
9220 1386
9236 1370
9253 1400
9269 1405
9285 1469
9302 1417
9318 1423
9334 1418
9351 1434
9367 1441
9384 1440
9400 1454
9416 1458
9433 1456
9449 1468
9466 1475
9482 1482
9498 1481
9515 1490
9531 1492
9548 1498
9564 1505
9580 1505
9597 1511
9613 1514
9630 1516
9646 1519
9662 1522
9679 1526
9695 1528
9712 1539
9728 1530
9744 1530
9761 1543
9777 1530
9794 1535
9810 1601
9826 1535
9843 1535
9859 1534
9875 1532
9892 1532
9908 1542
9925 1531
9941 1526
9957 1517
9974 1521
9990 1522
10007 1524
10023 1516
10039 1511
10056 1512
10072 1505
10089 1500
10105 1488
10121 1493
10138 1489
10154 1501
10171 1486
10187 1480
10203 1467
10220 1466
10236 1464
10253 1463
10269 1452
10285 1449
10302 1451
10318 1439
10334 1435
10351 1429
10367 1423
10384 1421
10400 1413
10416 1404
10433 1408
10449 1402
10466 1397
10482 1394
10498 1390
10515 1387
10531 1308
10548 1376
10564 1376
10580 1365
10597 1369
10613 1364
10630 1371
10646 1362
10662 1363
10679 1346
10695 1355
10712 1351
10728 1346
10744 1346
10761 1348
10777 1339
10794 1346
10810 1343
10826 1343
10843 1343
10859 1346
10875 1344
10892 1344
10908 1346
10925 1345
10941 1346
10957 1347
10974 1350
10990 1354
11007 1355
11023 1358
11039 1354
11056 1359
11072 1360
11089 1365
11105 1366
11121 1375
11138 1375
11154 1400
11171 1380
11187 1379
11203 1384
11220 1388
11236 1518
11253 1391
11269 1400
11285 1416
11302 1405
11318 1411
11334 1376
11351 1419
11367 1420
11384 1420
11400 1428
11416 1434
11433 1446
11449 1436
11466 1444
11482 1442
11498 1447
11515 1449
11531 1456
11548 1457
11564 1455
11580 1462
11597 1465
11613 1467
11630 1472
11646 1471
11662 1474
11679 1477
11695 1482
11712 1475
11728 1482
11744 1486
11761 1485
11777 1483
11794 1491
11810 1493
11826 1484
11843 1491
11859 1482
11875 1481
11892 1491
11908 1481
11925 1489
11941 1483
11957 1486
11974 1484
11990 1482
12007 1487
12023 1483
12039 1481
12056 1480
12072 1473
12089 1480
12105 1475
12121 1473
12138 1467
12154 1439
12171 1462
12187 1464
12203 1462
12220 1460
12236 1452
12253 1451
12269 1449
12285 1448
12302 1439
12318 1441
12334 1439
12351 1437
12367 1438
12384 1431
12400 1425
12416 1423
12433 1425
12449 1416
12466 1418
12482 1412
12498 1413
12515 1412
12531 1411
12548 1392
12564 1404
12580 1442
12597 1398
12613 1396
12630 1384
12646 1389
12662 1389
12679 1392
12695 1387
12712 1383
12728 1396
12744 1380
12761 1377
12777 1384
12794 1381
12810 1378
12826 1376
12843 1377
12859 1378
12875 1376
12892 1376
12908 1378
12925 1375
12941 1383
12957 1378
12974 1376
12990 1377
13007 1379
13023 1380
13039 1380
13056 1368
13072 1384
13089 1383
13105 1388
13121 1387
13138 1385
13154 1430
13171 1390
13187 1393
13203 1389
13220 1394
13236 1397
13253 1401
13269 1401
13285 1407
13302 1419
13318 1405
13334 1412
13351 1414
13367 1412
13384 1422
13400 1424
13416 1422
13433 1423
13449 1426
13466 1431
13482 1431
13498 1435
13515 1434
13531 1425
13548 1436
13564 1441
13580 1425
13597 1450
13613 1443
13630 1460
13646 1450
13662 1457
13679 1450
13695 1458
13712 1457
13728 1456
13744 1458
13761 1466
13777 1461
13794 1465
13810 1472
13826 1465
13843 1464
13859 1467
13875 1468
13892 1472
13908 1470
13925 1471
13941 1471
13957 1469
13974 1468
13990 1468
14007 1468
14023 1469
14039 1467
14056 1495
14072 1470
14089 1464
14105 1468
14121 1469
14138 1462
14154 1519
14171 1457
14187 1460
14203 1457
14220 1457
14236 1456
14253 1454
14269 1451
14285 1450
14302 1436
14318 1441
14334 1448
14351 1444
14367 1441
14384 1440
14400 1441
14416 1437
14433 1432
14449 1426
14466 1430
14482 1429
14498 1427
14515 1423
14531 1402
14548 1422
14564 1418
14580 1403
14597 1416
14613 1409
14630 1406
14646 1411
14662 1408
14679 1407
14695 1404
14712 1395
14728 1410
14744 1401
14761 1401
14777 1411
14794 1396
14810 1397
14826 1394
14843 1394
14859 1395
14875 1392
14892 1393
14908 1389
14925 1391
14941 1393
14957 1389
14974 1391
14990 1392
15007 1391
15023 1390
15039 1388
15056 1391
15072 1392
15089 1393
15105 1390
15121 1392
15138 1395
15154 1448
15171 1396
15187 1395
15203 1395
15220 1400
15236 1398
15253 1404
15269 1402
15285 1402
15302 1409
15318 1408
15334 1403
15351 1409
15367 1411
15384 1410
15400 1412
15416 1417
15433 1418
15449 1421
15466 1420
15482 1423
15498 1423
15515 1426
15531 1426
15548 1427
15564 1426
15580 1426
15597 1435
15613 1433
15630 1483
15646 1436
15662 1440
15679 1440
15695 1444
15712 1448
15728 1446
15744 1446
15761 1445
15777 1450
15794 1450
15810 1447
15826 1475
15843 1453
15859 1455
15875 1451
15892 1452
15908 1453
15925 1455
15941 1458
15957 1453
15974 1455
15990 1450
16007 1458
16023 1455
16039 1455
16056 1511
16072 1454
16089 1455
16105 1452
16121 1458
16138 1454
16154 1469
16171 1450
16187 1450
16203 1453
16220 1452
16236 1447
16253 1464
16269 1448
16285 1449
16302 1426
16318 1448
16334 1442
16351 1441
16367 1439
16384 1443
16400 1440
16416 1437
16433 1438
16449 1431
16466 1434
16482 1430
16498 1431
16515 1430
16531 1426
16548 1429
16564 1426
16580 1478
16597 1421
16613 1426
16630 1398
16646 1412
16662 1421
16679 1415
16695 1419
16712 1416
16728 1418
16744 1415
16761 1412
16777 1425
16794 1409
16810 1403
16826 1391
16843 1408
16859 1406
16875 1409
16892 1407
16908 1407
16925 1406
16941 1394
16957 1404
16974 1399
16990 1404
17007 1404
17023 1405
17039 1404
17056 1423
17072 1404
17089 1407
17105 1405
17121 1405
17138 1404
17154 1378
17171 1405
17187 1406
17203 1392
17220 1409
17236 1407
17253 1409
17269 1407
17285 1409
17302 1402
17318 1416
17334 1410
17351 1413
17367 1410
17384 1415
17400 1415
17416 1416
17433 1415
17449 1425
17466 1422
17482 1419
17498 1419
17515 1421
17531 1415
17548 1421
17564 1430
17580 1432
17597 1429
17613 1429
17630 1459
17646 1429
17662 1431
17679 1431
17695 1429
17712 1430
17728 1454
17744 1435
17761 1435
17777 1427
17794 1443
17810 1440
17826 1436
17843 1439
17859 1441
17875 1437
17892 1442
17908 1439
17925 1441
17941 1442
17957 1443
17974 1443
17990 1444
18007 1436
18023 1440
18039 1442
18056 1436
18072 1442
18089 1443
18105 1444
18121 1445
18138 1441
18154 1425
18171 1443
18187 1445
18203 1432
18220 1441
18236 1443
18253 1433
18269 1438
18285 1447
18302 1431
18318 1447
18334 1437
18351 1437
18367 1435
18384 1435
18400 1434
18416 1432
18433 1433
18449 1433
18466 1435
18482 1429
18498 1430
18515 1429
18531 1432
18548 1429
18564 1430
18580 1432
18597 1422
18613 1427
18630 1500
18646 1426
18662 1427
18679 1420
18695 1423
18712 1423
18728 1421
18744 1420
18761 1423
18777 1426
18794 1423
18810 1415
18826 1416
18843 1413
18859 1419
18875 1417
18892 1423
18908 1419
18925 1416
18941 1416
18957 1417
18974 1415
18990 1416
19007 1414
19023 1411
19039 1417
19056 1362
19072 1413
19089 1416
19105 1412
19121 1415
19138 1413
19154 1379
19171 1415
19187 1413
19203 1421
19220 1420
19236 1419
19253 1423
19269 1415
19285 1418
19302 1410
19318 1415
19334 1419
19351 1420
19367 1421
19384 1416
19400 1421
19416 1420
19433 1417
19449 1412
19466 1419
19482 1416
19498 1421
19515 1426
19531 1421
19548 1422
19564 1432
19580 1420
19597 1423
19613 1424
19630 1374
19646 1428
19662 1426
19679 1436
19695 1429
19712 1429
19728 1437
19744 1429
19761 1430
19777 1427
19794 1433
19810 1431
19826 1447
19843 1425
19859 1437
19875 1432
19892 1438
19908 1431
19925 1440
19941 1433
19957 1436
19974 1436
19990 1438
20007 1435
20023 1437
20039 1439
20056 1479
20072 1434
20089 1437
20105 1438
20121 1436
20138 1438
20154 1386
20171 1438
20187 1440
20203 1437
20220 1436
20236 1440
20253 1446
20269 1435
20285 1434
20302 1437
20318 1429
20334 1432
20351 1435
20367 1437
20384 1435
20400 1434
20416 1434
20433 1435
20449 1429
20466 1433
20482 1429
20498 1430
20515 1434
20531 1436
20548 1428
20564 1423
20580 1425
20597 1429
20613 1425
20630 1400
20646 1425
20662 1426
20679 1440
20695 1423
20712 1424
20728 1420
20744 1424
20761 1423
20777 1411
20794 1423
20810 1420
20826 1428
20843 1423
20859 1417
20875 1418
20892 1419
20908 1423
20925 1419
20941 1420
20957 1420
20974 1417
20990 1418
21007 1418
21023 1416
21039 1417
21056 1463
21072 1412
21089 1418
21105 1418
21121 1414
21138 1415
21154 1385
21171 1419
21187 1417
21203 1424
21220 1415
21236 1417
21253 1421
21269 1418
21285 1420
21302 1417
21318 1417
21334 1418
21351 1424
21367 1417
21384 1420
21400 1421
21416 1421
21433 1416
21449 1423
21466 1420
21482 1423
21498 1426
21515 1419
21531 1427
21548 1426
21564 1425
21580 1470
21597 1429
21613 1430
21630 1414
21646 1426
21662 1429
21679 1338
21695 1430
21712 1430
21728 1433
21744 1437
21761 1434
21777 1444
21794 1433
21810 1431
21826 1441
21843 1433
21859 1436
21875 1438
21892 1433
21908 1436
21925 1438
21941 1436
21957 1435
21974 1438
21990 1441
22007 1436
22023 1439
22039 1441
22056 1353
22072 1437
22089 1439
22105 1441
22121 1440
22138 1436
22154 1438
22171 1439
22187 1445
22203 1438
22220 1437
22236 1444
22253 1440
22269 1430
22285 1439
22302 1438
22318 1439
22334 1426
22351 1432
22367 1438
22384 1387
22400 1434
22416 1430
22433 1437
22449 1439
22466 1432
22482 1430
22498 1431
22515 1433
22531 1452
22548 1430
22564 1432
22580 1425
22597 1432
22613 1428
22630 1430
22646 1428
22662 1432
22679 1427
22695 1427
22712 1426
22728 1428
22744 1424
22761 1400
22777 1424
22794 1425
22810 1423
22826 1423
22843 1423
22859 1418
22875 1422
22892 1423
22908 1433
22925 1420
22941 1422
22957 1427
22974 1418
22990 1422
23007 1427
23023 1419
23039 1421
23056 1417
23072 1418
23089 1420
23105 1421
23121 1419
23138 1418
23154 1383
23171 1419
23187 1421
23203 1429
23220 1419
23236 1420
23253 1414
23269 1419
23285 1420
23302 1422
23318 1422
23334 1419
23351 1423
23367 1420
23384 1422
23400 1417
23416 1423
23433 1421
23449 1421
23466 1424
23482 1424
23498 1423
23515 1418
23531 1425
23548 1423
23564 1423
23580 1434
23597 1426
23613 1424
23630 1491
23646 1421
23662 1424
23679 1410
23695 1424
23712 1422
23728 1425
23744 1425
23761 1427
23777 1424
23794 1428
23810 1427
23826 1440
23843 1426
23859 1427
23875 1429
23892 1428
23908 1428
23925 1427
23941 1427
23957 1429
23974 1428
23990 1430
24007 1429
24023 1433
24039 1431
24056 1445
24072 1432
24089 1431
24105 1427
24121 1434
24138 1425
24154 1386
24171 1429
24187 1429
24203 1425
24220 1429
24236 1427
24253 1424
24269 1425
24285 1430
24302 1439
24318 1433
24334 1429
24351 1430
24367 1434
24384 1431
24400 1429
24416 1429
24433 1431
24449 1434
24466 1429
24482 1430
24498 1431
24515 1430
24531 1431
24548 1428
24564 1431
24580 1448
24597 1428
24613 1425
24630 1478
24646 1430
24662 1429
24679 1535
24695 1427
24712 1428
24728 1429
24744 1426
24761 1425
24777 1429
24794 1429
24810 1460
24826 1513
24843 1520
24859 1541
24875 1549
24892 1565
24908 1574
24925 1581
24941 1586
24957 1595
24974 1600
24990 1606
25007 1603
25023 1603
25039 1606
25056 1601
25072 1600
25089 1607
25105 1608
25121 1608
25138 1611
25154 1590
25171 1604
25187 1603
25203 1595
25220 1596
25236 1595
25253 1580
25269 1588
25285 1585
25302 1580
25318 1580
25334 1577
25351 1578
25367 1572
25384 1573
25400 1568
25416 1565
25433 1564
25449 1561
25466 1560
25482 1560
25498 1557
25515 1555
25531 1555
25548 1551
25564 1548
25580 1605
25597 1547
25613 1546
25630 1563
25646 1545
25662 1543
25679 1579
25695 1537
25712 1535
25728 1535
25744 1537
25761 1532
25777 1529
25794 1534
25810 1534
25826 1526
25843 1533
25859 1532
25875 1531
25892 1530
25908 1528
25925 1526
25941 1527
25957 1527
25974 1523
25990 1526
26007 1528
26023 1525
26039 1519
26056 1526
26072 1522
26089 1523
26105 1520
26121 1520
26138 1510
26154 1523
26171 1516
26187 1517
26203 1515
26220 1517
26236 1515
26253 1511
26269 1517
26285 1515
26302 1516
26318 1510
26334 1514
26351 1509
26367 1511
26384 1510
26400 1511
26416 1512
26433 1511
26449 1518
26466 1510
26482 1510
26498 1511
26515 1508
26531 1510
26548 1508
26564 1506
26580 1544
26597 1507
26613 1504
26630 1493
26646 1504
26662 1500
26679 1579
26695 1506
26712 1502
26728 1499
26744 1501
26761 1502
26777 1498
26794 1500
26810 1498
26826 1508
26843 1500
26859 1504
26875 1503
26892 1502
26908 1499
26925 1501
26941 1499
26957 1499
26974 1500
26990 1499
27007 1499
27023 1497
27039 1498
27056 1501
27072 1495
27089 1498
27105 1496
27121 1496
27138 1497
27154 1458
27171 1497
27187 1495
27203 1491
27220 1493
27236 1494
27253 1495
27269 1488
27285 1492
27302 1490
27318 1494
27334 1489
27351 1510
27367 1491
27384 1481
27400 1490
27416 1489
27433 1492
27449 1492
27466 1490
27482 1485
27498 1489
27515 1488
27531 1491
27548 1492
27564 1488
27580 1404
27597 1488
27613 1485
27630 1527
27646 1486
27662 1489
27679 1440
27695 1488
27712 1492
27728 1493
27744 1486
27761 1491
27777 1472
27794 1483
27810 1484
27826 1483
27843 1483
27859 1487
27875 1484
27892 1485
27908 1483
27925 1484
27941 1483
27957 1481
27974 1480
27990 1482
28007 1481
28023 1481
28039 1481
28056 1486
28072 1483
28089 1484
28105 1476
28121 1482
28138 1479
28154 1530
28171 1482
28187 1479
28203 1466
28220 1482
28236 1482
28253 1488
28269 1480
28285 1484
28302 1480
28318 1479
28334 1479
28351 1481
28367 1480
28384 1482
28400 1479
28416 1478
28433 1477
28449 1485
28466 1479
28482 1478
28498 1480
28515 1475
28531 1477
28548 1480
28564 1478
28580 1466
28597 1477
28613 1476
28630 1503
28646 1476
28662 1476
28679 1452
28695 1477
28712 1476
28728 1482
28744 1476
28761 1477
28777 1475
28794 1478
28810 1475
28826 1477
28843 1474
28859 1475
28875 1476
28892 1476
28908 1475
28925 1472
28941 1479
28957 1475
28974 1473
28990 1476
29007 1475
29023 1475
29039 1475
29056 1474
29072 1473
29089 1473
29105 1474
29121 1480
29138 1471
29154 1494
29171 1473
29187 1472
29203 1467
29220 1468
29236 1474
29253 1474
29269 1473
29285 1474
29302 1473
29318 1476
29334 1471
29351 1483
29367 1471
29384 1476
29400 1470
29416 1471
29433 1477
29449 1473
29466 1472
29482 1468
29498 1473
29515 1467
29531 1469
29548 1471
29564 1470
29580 1447
29597 1470
29613 1467
29630 1470
29646 1472
29662 1466
29679 1466
29695 1469
29712 1472
29728 1464
29744 1468
29761 1467
29777 1461
29794 1471
29810 1470
29826 1472
29843 1467
29859 1471
29875 1462
29892 1469
29908 1469
29925 1467
29941 1464
29957 1471
29974 1468
29990 1473
30007 1468
30023 1468
30039 1469
30056 1468
30072 1462
30089 1470
30105 1468
30121 1471
30138 1468
30154 1469
30171 1467
30187 1472
30203 1461
30220 1466
30236 1470
30253 1470
30269 1466
30285 1471
30302 1482
30318 1469
30334 1467
30351 1448
30367 1466
30384 1465
30400 1468
30416 1474
30433 1462
30449 1467
30466 1467
30482 1469
30498 1486
30515 1464
30531 1470
30548 1467
30564 1467
30580 1497
30597 1466
30613 1466
30630 1414
30646 1467
30662 1466
30679 1464
30695 1467
30712 1466
30728 1474
30744 1467
30761 1465
30777 1454
30794 1461
30810 1465
30826 1469
30843 1466
30859 1465
30875 1464
30892 1463
30908 1465
30925 1465
30941 1465
30957 1466
30974 1464
30990 1464
31007 1466
31023 1462
31039 1464
31056 1465
31072 1465
31089 1465
31105 1465
31121 1466
31138 1463
31154 1485
31171 1469
31187 1467
31203 1468
31220 1467
31236 1465
31253 1454
31269 1463
31285 1466
31302 1459
31318 1464
31334 1462
31351 1461
31367 1462
31384 1462
31400 1465
31416 1465
31433 1463
31449 1459
31466 1462
31482 1458
31498 1460
31515 1464
31531 1463
31548 1464
31564 1463
31580 1379
31597 1461
31613 1463
31630 1442
31646 1463
31662 1464
31679 1459
31695 1462
31712 1462
31728 1470
31744 1459
31761 1462
31777 1458
31794 1465
31810 1463
31826 1459
31843 1467
31859 1462
31875 1461
31892 1461
31908 1467
31925 1462
31941 1459
31957 1461
31974 1461
31990 1462
32007 1453
32023 1459
32039 1461
32056 1464
32072 1459
32089 1460
32105 1461
32121 1462
32138 1462
32154 1491
32171 1460
32187 1461
32203 1449
32220 1461
32236 1459
32253 1459
32269 1460
32285 1460
32302 1463
32318 1461
32334 1462
32351 1469
32367 1457
32384 1461
32400 1461
32416 1461
32433 1458
32449 1460
32466 1458
32482 1463
32498 1468
32515 1459
32531 1461
32548 1461
32564 1460
32580 1454
32597 1457
32613 1461
32630 1441
32646 1462
32662 1462
32679 1471
32695 1461
32712 1456
32728 1455
32744 1461
32761 1460
32777 1457
32794 1460
32810 1462
32826 1454
32843 1456
32859 1460
32875 1454
32892 1459
32908 1457
32925 1460
32941 1457
32957 1459
32974 1459
32990 1459
33007 1459
33023 1460
33039 1456
33056 1459
33072 1457
33089 1461
33105 1462
33121 1459
33138 1460
33154 1489
33171 1458
33187 1459
33203 1433
33220 1460
33236 1459
33253 1465
33269 1459
33285 1456
33302 1464
33318 1463
33334 1459
33351 1472
33367 1458
33384 1458
33400 1457
33416 1459
33433 1457
33449 1455
33466 1459
33482 1458
33498 1453
33515 1457
33531 1460
33548 1459
33564 1456
33580 1472
33597 1456
