1.75 0.43 1421.00 29.58
20.50 8.91 1384.75 30.18
36.93 8.81 1331.93 23.87
53.31 8.95 1286.81 25.69
69.87 8.82 1246.87 30.23
85.93 8.81 1195.87 23.02
102.43 8.93 1153.18 24.37
118.93 8.81 1103.50 23.15
135.37 8.94 1068.75 27.83
151.87 8.83 1024.56 22.33
168.00 8.80 979.06 21.65
184.50 8.91 942.68 18.30
201.43 8.86 909.25 27.20
217.81 8.73 869.12 18.45
234.18 8.89 832.43 16.89
250.56 8.82 802.50 19.74
266.93 8.95 767.43 15.14
283.50 8.84 733.75 18.74
299.87 8.72 711.12 14.21
316.25 8.88 680.12 15.24
332.75 8.77 658.25 11.63
349.12 8.91 640.06 18.01
365.56 8.82 612.18 13.05
382.00 8.68 597.62 6.25
398.50 8.82 583.87 10.39
414.87 8.75 567.00 22.35
431.25 8.88 559.06 9.11
447.87 8.75 546.87 4.00
464.12 8.67 537.56 10.06
480.56 8.79 530.56 15.45
497.00 8.72 531.50 9.82
513.37 8.84 530.62 5.87
530.00 8.72 530.25 10.95
546.18 8.66 540.00 12.14
562.56 8.79 542.75 7.28
579.18 8.66 553.50 16.93
595.62 8.77 562.43 9.80
612.25 8.64 574.00 10.85
628.43 8.58 582.68 34.05
644.75 8.74 602.93 14.40
661.31 8.88 625.62 18.91
677.68 9.01 644.50 14.85
694.18 8.87 664.87 14.28
710.50 8.82 690.37 17.11
726.81 8.97 713.50 19.83
743.37 8.86 744.62 17.62
759.75 8.99 763.56 29.50
776.18 8.87 793.68 37.74
792.56 8.79 827.75 30.14
808.87 8.95 866.18 20.69
825.43 8.84 899.93 22.24
841.75 8.98 942.87 27.64
858.25 8.84 979.56 24.90
874.43 8.84 1009.12 23.67
890.87 8.94 1048.31 22.78
907.50 8.81 1088.12 22.06
923.81 8.96 1116.50 36.42
940.25 8.83 1169.25 22.83
956.50 8.81 1207.62 22.21
972.87 8.94 1246.56 24.81
989.50 8.81 1295.18 24.97
1005.87 8.93 1331.18 13.11
1022.25 8.83 1372.50 21.57
1038.56 8.79 1413.62 23.40
1054.93 8.92 1453.50 18.74
1071.56 8.79 1494.87 21.86
1087.81 8.70 1535.37 20.51
1104.12 8.87 1574.00 19.90
1120.56 8.79 1616.25 22.88
1136.93 8.92 1655.81 25.39
1153.43 8.77 1683.62 22.18
1169.75 8.72 1728.56 19.76
1186.25 8.92 1762.56 16.41
1202.75 8.78 1791.87 23.81
1219.12 8.96 1829.31 16.59
1235.62 8.80 1860.56 18.17
1251.93 8.76 1895.18 12.73
1268.18 8.94 1925.00 14.06
1284.75 8.78 1947.00 19.98
1301.18 8.94 1977.00 12.27
1317.68 8.79 2003.12 12.34
1334.00 8.75 2024.00 17.33
1350.31 8.91 2047.06 9.79
1366.81 8.75 2062.68 21.40
1383.25 8.92 2083.56 11.81
1399.87 8.75 2102.43 14.94
1416.18 8.70 2117.50 6.47
1432.43 8.88 2131.25 14.51
1448.93 8.73 2141.81 21.68
1465.31 8.91 2149.50 3.94
1481.87 8.76 2157.62 2.87
1498.31 8.66 2163.43 18.68
1514.62 8.82 2165.56 4.37
1531.06 8.69 2166.50 5.94
1547.37 8.64 2166.43 6.29
1563.75 8.78 2160.12 11.69
1580.50 8.67 2161.75 9.08
1596.93 8.81 2152.56 7.69
1613.37 8.67 2146.31 10.07
1629.75 8.58 2136.06 12.51
1646.12 8.75 2125.12 11.61
1662.56 8.86 2110.00 11.38
1679.06 9.02 2093.12 13.85
1695.50 8.88 2077.62 13.59
1711.93 9.03 2061.87 17.18
1728.25 8.97 2037.25 16.47
1744.50 8.88 2016.43 25.26
1761.06 9.02 1994.81 17.42
1777.50 8.88 1970.06 15.27
1793.93 9.04 1942.43 17.24
1810.37 8.92 1917.93 17.64
1826.56 8.86 1890.37 17.78
1843.12 9.00 1858.43 19.16
1859.56 8.86 1831.62 26.96
1875.93 9.04 1802.00 21.98
1892.37 8.91 1763.81 24.01
1908.62 8.83 1733.31 18.45
1925.18 8.97 1700.75 19.91
1941.56 8.86 1666.68 20.02
1958.00 8.75 1627.31 31.79
1974.31 8.93 1603.18 22.76
1990.62 8.83 1558.50 22.94
2007.18 8.94 1525.37 37.03
2023.56 8.85 1499.37 27.37
2040.00 8.75 1459.12 19.89
2056.31 8.93 1424.18 19.87
2072.68 8.81 1391.93 18.41
2089.18 8.94 1353.25 22.63
2105.56 8.85 1320.50 15.96
2121.93 8.72 1286.06 17.22
2138.31 8.93 1253.81 17.05
2154.68 8.81 1220.68 21.48
2171.12 8.96 1188.87 15.10
2187.75 8.88 1157.00 16.01
2203.93 8.83 1126.81 19.69
2220.43 8.99 1099.81 19.68
2236.87 8.84 1066.68 13.93
2253.31 9.00 1039.06 12.25
2269.75 8.88 1013.81 16.69
2286.00 8.81 986.00 11.53
2302.62 8.93 957.50 15.79
2319.00 8.80 948.56 42.85
2335.37 8.93 916.31 12.18
2351.81 8.87 896.43 8.18
2368.12 8.77 877.43 8.60
2384.68 8.91 856.37 15.40
2401.12 8.77 844.75 7.50
2417.43 8.67 832.62 21.42
2433.87 8.86 812.56 13.96
2450.18 8.75 807.00 7.22
2466.68 8.90 799.81 8.13
2483.18 8.75 787.62 5.17
2499.56 8.62 784.12 13.39
2516.00 8.82 776.81 15.92
2532.31 8.71 773.25 5.04
2548.75 8.87 774.56 4.90
2565.18 8.77 767.00 14.75
2581.62 8.63 773.62 6.58
2598.12 8.81 779.87 7.78
2614.37 8.72 785.75 6.65
2630.93 8.87 790.06 9.30
2647.31 8.76 798.75 8.56
2663.68 9.13 806.93 11.85
2680.25 9.03 825.75 28.36
2696.50 8.94 832.37 10.05
2713.06 9.08 847.06 12.63
2729.43 8.97 866.50 16.10
2745.81 9.09 877.68 13.37
2762.18 9.05 897.87 13.29
2778.50 8.94 911.75 26.29
2795.06 9.03 938.43 14.32
2811.50 8.95 958.93 14.62
2827.81 8.83 982.50 14.17
2844.25 9.02 1007.87 18.73
2860.56 8.92 1029.87 16.72
2877.00 9.02 1055.37 16.87
2893.50 8.93 1085.68 16.51
2909.81 8.83 1116.06 24.16
2926.25 9.02 1138.81 17.47
2942.62 8.89 1164.93 22.17
2959.06 8.99 1197.43 17.34
2975.43 8.96 1224.18 17.78
2991.87 8.80 1253.81 21.03
3008.25 9.01 1293.31 25.79
3024.62 8.90 1316.25 18.52
3041.06 8.99 1346.68 26.18
3057.56 8.91 1379.06 16.00
3073.68 8.86 1408.06 15.56
3090.25 9.01 1439.62 20.61
3106.68 8.86 1467.50 17.47
3123.06 8.99 1498.93 15.00
3139.56 8.91 1526.25 17.55
3155.68 8.86 1550.31 19.46
3172.25 9.01 1584.06 15.05
3188.81 8.87 1611.93 14.57
3205.18 9.00 1641.56 13.33
3221.50 8.99 1670.87 21.75
3237.87 8.86 1691.31 14.05
3254.37 9.02 1717.37 17.44
3270.81 8.87 1747.75 22.88
3287.18 8.75 1764.75 12.14
3303.62 8.95 1802.18 34.37
3320.00 8.82 1808.25 18.86
3336.50 8.96 1832.00 16.73
3352.81 8.88 1847.31 13.21
3369.18 8.75 1865.93 14.88
3385.62 8.95 1882.81 8.52
3402.12 8.79 1897.87 12.29
3418.56 8.95 1912.87 9.95
3435.00 8.84 1927.31 12.76
3451.37 8.70 1936.56 7.52
3467.68 8.94 1946.62 7.46
3484.12 8.79 1954.50 5.74
3500.62 8.93 1962.12 14.26
3517.12 8.81 1967.62 6.33
3533.37 8.71 1969.50 10.75
3549.93 8.86 1976.18 7.11
3566.18 8.77 1975.93 21.67
3582.68 8.93 1977.06 10.23
3599.25 8.80 1981.43 20.22
3615.50 8.69 1966.25 17.59
3632.00 8.87 1975.25 13.82
3648.31 8.76 1961.75 10.82
3664.81 9.10 1946.81 29.57
3681.25 9.07 1946.06 11.05
3697.68 8.89 1938.62 8.94
3714.12 9.09 1933.50 16.56
3730.43 8.97 1921.25 22.64
3746.87 9.08 1903.68 9.87
3763.18 9.07 1888.62 14.99
3779.56 8.94 1873.43 10.98
3796.06 9.10 1860.31 16.36
3812.37 9.01 1840.12 12.10
3828.87 9.08 1824.68 13.92
3845.25 9.04 1798.50 14.85
3861.56 8.94 1783.31 13.29
3877.93 9.11 1764.87 17.19
3894.43 8.98 1731.37 25.07
3910.87 9.07 1717.43 13.52
3927.25 9.04 1692.81 16.74
3943.50 8.94 1672.81 19.01
3960.00 9.09 1645.87 14.54
3976.43 8.98 1620.81 15.86
3992.93 9.05 1596.62 15.16
4009.37 9.00 1571.12 16.00
4025.56 8.92 1542.56 16.64
4042.06 9.06 1516.25 14.20
4058.50 8.96 1496.12 26.09
4074.93 9.05 1465.87 21.63
4091.25 9.04 1441.81 22.15
4107.56 8.92 1414.43 14.72
4124.00 9.03 1390.56 15.24
4140.50 8.96 1367.56 25.84
4156.87 8.82 1339.43 7.70
4173.25 9.04 1312.87 14.10
4189.62 8.96 1289.12 14.85
4206.12 9.10 1261.25 19.94
4222.50 9.01 1236.68 19.17
4238.87 8.87 1222.56 18.66
4255.25 9.09 1200.37 9.48
4271.56 9.00 1174.56 17.40
4288.12 9.10 1150.75 10.45
4304.56 8.98 1132.25 11.76
4320.87 8.88 1111.62 13.47
4337.25 9.06 1094.56 8.94
4353.62 8.98 1070.93 18.63
4370.12 9.10 1061.31 9.02
4386.56 8.99 1044.68 8.79
4402.93 8.88 1029.00 8.06
4419.31 9.06 1015.75 6.58
4435.75 8.95 999.18 19.69
4452.25 9.08 995.56 11.23
4468.68 8.98 982.81 5.32
4485.00 8.86 975.31 8.45
4501.50 9.01 967.81 22.39
4517.87 8.92 956.75 12.51
4534.31 9.00 952.25 15.88
4550.75 8.97 949.75 19.70
4567.06 8.84 935.56 32.97
4583.56 9.01 944.56 7.92
4600.00 8.91 948.00 13.82
4616.43 8.74 945.31 8.10
4632.75 8.96 944.18 9.09
4649.18 8.83 942.56 30.66
4665.62 9.24 956.12 6.85
4682.12 9.13 959.00 8.58
4698.62 9.20 967.06 5.42
4714.87 9.18 974.81 12.04
4731.25 9.10 983.75 27.77
4747.68 9.23 999.12 17.70
4764.12 9.13 1003.31 12.82
4780.50 9.24 1022.56 24.55
4796.87 9.18 1028.18 10.19
4813.12 9.13 1043.00 10.97
4829.68 9.23 1053.75 4.08
4846.12 9.13 1073.68 14.99
4862.43 9.27 1090.81 12.14
4878.81 9.20 1108.75 11.81
4895.18 9.10 1124.87 14.99
4911.75 9.21 1144.68 12.94
4928.12 9.14 1165.62 13.58
4944.56 9.22 1185.56 16.55
4960.81 9.19 1205.18 12.38
4977.18 9.10 1223.68 17.18
4993.75 9.15 1247.50 13.78
5010.18 9.12 1272.31 15.23
5026.56 8.96 1290.18 17.84
5042.87 9.17 1313.31 13.66
5059.25 9.09 1331.18 19.39
5075.75 9.15 1357.62 13.26
5092.06 9.11 1380.12 12.87
5108.56 8.96 1400.87 13.10
5124.81 9.19 1422.25 12.41
5141.25 9.09 1443.50 12.04
5157.75 9.15 1470.37 13.41
5174.06 9.11 1488.93 14.09
5190.56 9.02 1510.43 15.88
5206.87 9.22 1536.31 15.09
5223.31 9.12 1555.93 11.78
5239.81 9.24 1574.62 13.05
5256.12 9.15 1596.93 26.15
5272.37 9.07 1616.12 10.30
5288.87 9.22 1634.75 12.32
5305.37 9.10 1647.68 9.03
5321.87 9.22 1666.25 16.18
5338.18 9.13 1682.31 16.66
5354.50 9.04 1708.50 23.00
5370.93 9.21 1716.56 8.25
5387.31 9.13 1724.62 35.46
5403.87 9.18 1748.00 8.50
5420.18 9.17 1758.68 6.98
5436.62 9.02 1766.93 20.25
5453.00 9.20 1787.25 20.88
5469.37 9.14 1797.12 16.87
5485.81 8.95 1801.37 4.07
5502.31 9.13 1806.75 7.55
5518.56 9.07 1815.81 4.14
5535.12 9.17 1821.43 5.03
5551.37 9.11 1830.56 19.93
5567.81 8.97 1831.43 4.12
5584.25 9.13 1833.75 16.85
5600.56 9.07 1836.75 8.41
5617.18 9.16 1836.25 4.74
5633.50 9.11 1830.68 20.33
5649.87 8.95 1837.50 11.76
5666.31 9.38 1837.00 14.85
5682.68 9.29 1827.81 13.77
5699.31 9.38 1823.93 5.55
5715.56 9.32 1815.62 9.80
5732.00 9.43 1811.81 8.44
5748.37 9.36 1809.37 26.17
5764.68 9.29 1788.56 27.78
5781.31 9.38 1788.06 7.50
5797.56 9.32 1773.87 11.75
5814.00 9.43 1766.56 8.46
5830.37 9.36 1751.50 11.09
5846.68 9.29 1739.25 13.79
5863.18 9.36 1728.18 9.77
5879.50 9.34 1711.12 14.65
5896.06 9.15 1701.18 19.54
5912.43 9.35 1684.56 10.21
5928.75 9.27 1668.00 13.82
5945.25 9.34 1653.93 12.31
5961.56 9.32 1632.93 16.75
5977.93 9.23 1622.25 19.42
5994.43 9.34 1599.18 10.99
6010.81 9.25 1580.06 11.69
6027.25 9.36 1571.93 34.16
6043.62 9.28 1545.31 11.48
6059.87 9.24 1529.25 22.10
6076.43 9.34 1504.12 14.46
6092.81 9.25 1489.56 20.96
6109.18 9.37 1468.06 11.27
6125.56 9.31 1450.62 23.49
6141.81 9.25 1420.68 32.28
6158.43 9.34 1411.43 21.41
6174.68 9.28 1391.56 11.14
6191.31 9.44 1370.18 13.02
6207.62 9.35 1354.37 14.51
6223.87 9.29 1336.87 12.81
6240.50 9.38 1318.12 11.28
6256.75 9.32 1301.75 23.63
6273.25 9.40 1281.50 10.01
6289.56 9.37 1259.31 17.02
6305.93 9.28 1246.18 10.93
6322.50 9.39 1235.62 12.85
6338.81 9.31 1224.75 21.62
6355.18 9.17 1206.93 14.20
6371.62 9.35 1186.81 7.16
6387.93 9.28 1173.87 9.83
6404.50 9.39 1161.18 16.61
6420.81 9.31 1154.50 14.37
6437.18 9.17 1140.87 13.77
6453.56 9.37 1131.56 12.34
6469.93 9.28 1117.18 12.43
6486.50 9.39 1113.00 6.80
6502.87 9.30 1103.06 22.18
6519.06 9.25 1096.75 9.40
6535.68 9.34 1087.87 3.35
6552.00 9.27 1088.68 10.83
6568.43 9.42 1081.87 15.51
6584.87 9.30 1075.75 3.45
6601.06 9.26 1068.93 6.44
6617.75 9.34 1072.81 4.84
6634.00 9.29 1070.18 3.24
6650.56 9.40 1068.93 13.16
6666.93 9.55 1074.25 14.99
6683.31 9.70 1072.56 5.16
6699.87 9.56 1076.93 10.29
6716.12 9.51 1081.06 5.79
6732.62 9.58 1083.93 4.05
6748.87 9.56 1089.62 5.38
6765.25 9.47 1098.62 11.61
6781.87 9.56 1096.43 12.46
6798.12 9.51 1115.68 19.24
6814.56 9.60 1116.81 8.57
6830.87 9.56 1129.43 8.76
6847.25 9.47 1138.31 14.05
6863.75 9.59 1153.37 16.46
6880.12 9.51 1159.00 8.09
6896.56 9.60 1170.37 13.46
6912.93 9.54 1185.12 9.14
6929.31 9.45 1196.37 5.93
6945.81 9.57 1209.87 13.31
6962.12 9.49 1225.75 8.61
6978.37 9.68 1239.12 6.98
6995.06 9.52 1255.25 9.87
7011.31 9.44 1271.62 11.04
7027.81 9.59 1284.50 12.78
7044.18 9.48 1302.81 12.48
7060.43 9.67 1325.68 31.53
7077.06 9.52 1335.00 13.72
7093.31 9.44 1347.31 16.52
7109.81 9.59 1366.37 10.63
7126.12 9.51 1385.93 13.69
7142.43 9.67 1396.37 14.91
7159.00 9.53 1416.56 10.19
7175.25 9.48 1431.06 20.79
7191.87 9.63 1453.25 15.40
7208.12 9.56 1468.06 11.16
7224.43 9.48 1481.87 10.05
7241.06 9.57 1498.87 8.85
7257.31 9.52 1510.06 16.01
7273.75 9.66 1529.31 8.39
7290.12 9.56 1542.93 10.42
7306.43 9.48 1561.43 16.50
7322.93 9.60 1572.18 8.44
7339.31 9.52 1586.68 18.48
7355.81 9.65 1601.62 9.20
7372.12 9.56 1610.93 11.65
7388.43 9.48 1623.31 8.82
7404.93 9.60 1636.93 6.35
7421.25 9.52 1648.81 6.68
7437.68 9.67 1658.12 11.82
7454.18 9.55 1668.25 5.01
7470.37 9.48 1676.00 10.04
7486.93 9.60 1686.12 4.36
7503.31 9.52 1697.68 19.98
7519.68 9.72 1700.25 6.05
7536.18 9.55 1706.93 4.57
7552.43 9.48 1717.37 26.53
7569.06 9.59 1722.81 13.56
7585.31 9.52 1721.56 3.95
7601.75 9.66 1723.81 11.69
7618.18 9.56 1732.56 16.23
7634.43 9.51 1729.12 2.50
7651.06 9.62 1733.00 23.23
7667.43 9.74 1736.81 27.66
7683.87 9.89 1730.87 4.32
7700.31 9.78 1728.68 4.00
7716.62 9.73 1725.75 9.09
7733.06 9.86 1723.68 5.57
7749.43 9.76 1721.18 7.21
7765.81 9.92 1719.87 20.43
7782.31 9.78 1710.25 8.71
7798.62 9.73 1707.06 10.47
7815.06 9.86 1698.62 6.13
7831.43 9.76 1691.56 9.08
7847.75 9.92 1680.50 11.28
7864.25 9.81 1678.12 10.36
7880.56 9.73 1665.62 6.40
7897.00 9.88 1658.56 9.25
7913.43 9.76 1651.43 20.68
7929.75 9.92 1631.06 14.70
7946.25 9.81 1622.81 8.67
7962.50 9.73 1607.12 21.80
7978.93 9.93 1601.00 6.51
7995.43 9.76 1592.50 11.62
8011.81 9.91 1578.12 11.51
8028.31 9.79 1566.00 9.89
8044.56 9.73 1548.12 9.94
8060.93 9.88 1536.31 10.28
8077.43 9.76 1525.62 18.18
8093.75 9.68 1506.56 11.62
8110.25 9.83 1494.06 9.70
8126.56 9.73 1488.18 27.01
8142.93 9.88 1463.93 21.51
8159.43 9.76 1450.31 7.09
8175.75 9.68 1436.43 7.12
8192.31 9.85 1423.81 9.08
8208.56 9.80 1407.68 8.51
8225.00 10.00 1393.31 9.91
8241.50 9.81 1379.81 11.64
8257.75 9.77 1365.06 7.97
8274.25 9.86 1350.43 12.35
8290.62 9.77 1339.93 7.00
8306.93 10.00 1326.43 7.53
8323.43 9.83 1314.25 7.01
8339.68 9.77 1301.06 6.94
8356.25 9.86 1292.81 20.53
8372.62 9.77 1276.68 11.26
8388.93 10.00 1267.12 5.90
