1.87 0.33 1425.62 30.29
20.56 8.90 1374.68 29.62
36.93 8.81 1332.56 25.89
53.31 8.70 1280.93 28.48
69.81 8.84 1240.06 24.23
86.12 8.75 1193.37 28.27
103.00 8.98 1149.37 24.43
119.43 8.86 1098.62 28.00
135.81 8.78 1058.25 23.67
152.31 8.90 1020.68 25.05
168.62 8.79 983.06 19.85
185.00 8.98 941.56 22.44
201.43 8.86 899.87 19.82
217.93 8.76 863.62 24.39
234.50 8.86 829.18 19.00
250.87 8.73 788.25 32.17
267.31 8.92 762.68 19.16
283.62 8.82 737.75 24.90
299.93 8.71 706.31 15.73
316.50 8.87 679.81 14.35
332.81 8.75 654.93 12.78
349.25 8.68 635.37 16.15
366.18 8.76 613.56 13.55
382.31 8.71 598.06 25.34
399.00 8.83 579.06 17.81
415.25 8.73 561.87 7.71
431.68 8.68 548.68 12.32
448.18 8.76 540.75 6.55
464.43 8.67 533.12 4.36
481.18 8.77 530.56 12.13
497.43 8.67 526.75 14.06
513.75 8.66 523.06 7.16
530.31 8.71 522.87 8.24
546.75 9.58 531.00 14.53
563.31 9.50 529.18 9.92
579.62 9.37 541.12 6.53
595.87 9.59 547.50 10.95
612.87 9.44 558.12 14.15
629.18 9.35 574.25 10.44
645.56 9.56 590.12 12.25
662.12 9.38 605.87 13.61
678.37 9.58 627.93 13.80
694.87 9.44 646.75 15.03
711.18 9.35 673.56 18.10
727.68 9.52 694.50 16.84
744.18 9.35 720.25 17.17
760.43 9.51 741.37 29.14
777.00 9.39 774.68 19.46
793.31 9.30 808.43 18.46
809.81 9.47 840.93 22.02
826.25 9.33 868.37 29.93
842.43 9.51 899.87 20.30
859.12 9.34 940.81 20.96
875.43 9.24 970.50 26.73
891.93 9.41 1012.31 26.38
908.37 9.28 1048.25 23.04
924.56 9.46 1084.00 30.71
941.25 9.28 1129.43 26.29
957.43 9.24 1163.18 23.13
973.87 9.42 1203.25 22.37
990.37 9.22 1240.25 20.69
1006.62 9.43 1280.25 25.59
1023.31 9.25 1322.68 24.40
1039.56 9.19 1360.43 21.86
1055.81 9.40 1398.00 24.83
1072.43 9.20 1432.50 27.28
1088.68 9.24 1476.81 22.21
1105.31 9.35 1514.56 22.76
1121.75 9.21 1548.87 25.08
1138.00 9.43 1596.93 30.69
1154.56 9.25 1628.87 20.49
1170.75 9.21 1664.00 22.64
1187.37 9.33 1693.06 25.58
1203.75 9.21 1730.06 19.91
1220.06 9.43 1764.93 23.58
1236.62 9.24 1799.37 34.51
1252.87 9.18 1823.25 19.50
1269.43 9.33 1853.75 16.20
1285.87 9.18 1886.87 24.65
1302.18 9.39 1910.43 16.81
1318.68 9.22 1933.93 14.54
1334.87 9.18 1964.75 30.10
1351.50 9.30 1982.87 15.49
1368.00 9.16 2001.31 16.31
1384.25 9.38 2014.37 14.62
1400.81 9.20 2035.62 9.79
1417.00 9.16 2049.50 14.70
1433.50 9.34 2063.56 7.95
1449.93 9.15 2076.68 6.55
1466.18 9.35 2085.31 11.51
1482.87 9.18 2096.93 7.67
1499.12 9.11 2102.81 4.10
1515.56 9.31 2099.68 34.73
1532.06 9.10 2111.50 8.30
1548.31 9.56 2113.56 3.71
1564.93 9.42 2113.18 5.86
1581.18 9.35 2110.87 11.84
1597.75 9.59 2109.56 6.16
1614.18 9.40 2101.56 8.77
1630.43 9.61 2094.31 5.93
1647.00 9.49 2086.68 22.91
1663.25 9.37 2082.81 20.17
1679.68 9.61 2064.56 9.10
1696.12 9.42 2045.12 21.41
1712.43 9.61 2036.00 19.89
1729.00 9.49 2023.18 10.14
1745.31 9.34 2010.00 19.67
1761.81 9.57 1982.37 16.52
1778.18 9.40 1965.75 12.38
1794.50 9.58 1942.68 14.99
1811.00 9.49 1921.87 16.92
1827.31 9.34 1903.31 18.95
1843.68 9.56 1873.37 17.40
1860.25 9.38 1847.81 15.87
1876.56 9.55 1819.31 17.85
1893.18 9.41 1792.06 18.89
1909.43 9.29 1767.50 18.38
1925.68 9.51 1736.87 16.87
1942.31 9.35 1713.06 25.44
1958.43 9.29 1682.56 18.07
1975.12 9.43 1649.37 18.91
1991.50 9.27 1618.12 19.23
2007.81 9.45 1589.12 18.22
2024.43 9.29 1558.75 19.11
2040.56 9.24 1526.93 18.19
2057.12 9.42 1500.12 22.73
2073.56 9.24 1460.93 27.55
2089.87 9.53 1434.56 18.55
2106.50 9.32 1404.81 20.36
2122.68 9.24 1375.31 10.58
2139.25 9.44 1342.62 18.96
2155.62 9.27 1324.37 32.05
2171.93 9.51 1280.31 20.69
2188.56 9.30 1254.81 17.10
2204.68 9.24 1229.00 18.39
2221.31 9.42 1201.31 21.40
2237.81 9.22 1175.06 15.43
2254.18 9.40 1149.00 15.14
2270.75 9.25 1126.12 18.42
2286.87 9.19 1098.50 15.52
2303.43 9.39 1077.43 14.15
2319.81 9.22 1055.68 15.57
2336.06 9.44 1034.37 17.03
2352.81 9.26 1016.43 13.01
2369.00 9.18 997.50 11.66
2385.50 9.40 982.25 11.32
2402.00 9.18 967.93 16.61
2418.06 9.17 950.75 8.14
2434.75 9.29 932.06 20.11
2451.00 9.18 928.62 11.56
2467.56 9.38 915.25 6.36
2484.06 9.16 905.18 7.06
2500.25 9.10 897.37 6.28
2516.81 9.27 891.43 5.35
2533.12 9.13 884.93 7.52
2549.62 9.61 879.81 4.67
2566.12 9.39 879.31 4.93
2582.37 9.56 882.12 15.33
2598.87 9.56 878.25 3.78
2615.25 9.38 880.18 2.96
2631.68 9.63 880.06 9.53
2648.12 9.44 888.18 6.73
2664.43 9.63 897.43 11.17
2680.87 9.56 899.62 6.57
2697.25 9.38 904.25 13.46
2713.62 9.61 923.56 17.36
2730.18 9.41 930.43 8.59
2746.43 9.62 940.43 17.61
2762.93 9.54 950.43 20.23
2779.31 9.36 966.68 8.65
2795.62 9.56 982.50 9.28
2812.12 9.44 996.87 13.91
2828.31 9.36 1014.25 11.93
2844.81 9.59 1033.87 11.89
2861.37 9.33 1055.81 19.11
2877.75 9.51 1071.00 13.05
2894.31 9.36 1090.68 13.91
2910.43 9.31 1121.68 39.32
2926.93 9.53 1134.68 14.16
2943.37 9.34 1154.62 11.95
2959.68 9.53 1178.25 13.83
2976.31 9.36 1201.31 17.18
2992.56 9.25 1225.75 9.27
3009.06 9.47 1248.62 13.41
3025.56 9.25 1273.62 15.60
3041.81 9.47 1300.68 19.55
3058.43 9.31 1320.87 16.47
3074.56 9.25 1344.25 20.01
3091.12 9.50 1371.68 18.69
3107.56 9.31 1405.31 33.74
3123.87 9.50 1420.06 14.23
3140.50 9.35 1445.12 14.59
3156.68 9.26 1476.00 29.92
3173.18 9.47 1489.93 15.45
3189.62 9.28 1513.81 17.55
3205.81 9.51 1537.00 19.03
3222.37 9.42 1557.18 19.87
3238.87 9.22 1580.43 15.63
3255.31 9.44 1601.18 17.57
3271.81 9.25 1621.81 20.27
3287.87 9.22 1638.87 21.80
3304.43 9.42 1664.00 11.79
3320.87 9.22 1682.06 12.60
3337.37 9.41 1694.68 21.05
3353.93 9.24 1710.31 33.36
3370.00 9.20 1738.37 16.45
3386.56 9.41 1753.18 20.04
3403.00 9.20 1766.62 13.54
3419.43 9.46 1773.68 9.62
3435.93 9.24 1787.31 12.73
3452.00 9.20 1805.00 12.47
3468.56 9.41 1817.62 21.63
3485.12 9.16 1822.12 7.02
3501.50 9.43 1830.25 7.55
3518.00 9.21 1839.62 6.21
3534.12 9.16 1846.31 7.19
3550.68 9.62 1854.37 15.67
3567.18 9.39 1853.68 2.82
3583.50 9.64 1853.68 11.50
3600.00 9.53 1863.00 13.49
3616.37 9.67 1866.00 16.37
3632.75 9.64 1860.00 4.71
3649.25 9.41 1857.12 4.06
3665.37 9.67 1850.18 15.27
3681.81 9.62 1852.93 4.99
3698.25 9.41 1848.06 4.88
3714.68 9.66 1841.62 5.02
3731.31 9.38 1834.62 13.70
3747.50 9.62 1827.50 6.49
3763.87 9.60 1813.50 17.48
3780.31 9.38 1809.68 6.70
3796.75 9.64 1801.12 11.69
3813.25 9.42 1789.62 22.52
3829.43 9.64 1776.56 6.97
3845.87 9.60 1767.37 11.96
3862.31 9.38 1757.68 34.42
3878.87 9.58 1736.50 8.57
3895.31 9.39 1718.31 16.07
3911.56 9.59 1713.25 19.10
3928.06 9.52 1691.68 11.59
3944.37 9.36 1671.87 10.81
3960.87 9.58 1660.18 16.08
3977.37 9.36 1637.06 15.60
3993.68 9.54 1624.18 19.26
4010.18 9.45 1603.31 12.26
4026.50 9.30 1584.68 10.75
4042.93 9.50 1568.12 4.08
4059.37 9.36 1545.75 10.84
4075.68 9.54 1525.56 12.30
4092.12 9.53 1510.25 25.98
4108.56 9.33 1487.18 11.51
4124.93 9.55 1468.75 11.26
4141.43 9.41 1452.12 18.47
4157.68 9.28 1429.62 10.53
4174.18 9.51 1409.93 11.44
4190.62 9.31 1392.06 8.44
4206.93 9.55 1374.93 12.80
4223.43 9.43 1362.18 26.30
4239.75 9.29 1341.12 46.42
4256.25 9.52 1322.00 20.94
4272.75 9.29 1300.68 10.34
4289.12 9.53 1279.93 16.17
4305.50 9.42 1268.25 21.76
4321.75 9.29 1253.62 13.15
4338.31 9.49 1235.50 10.87
4354.87 9.28 1219.93 7.90
4371.31 9.53 1207.93 14.08
4387.62 9.40 1189.75 12.07
4403.87 9.28 1181.43 7.72
4420.37 9.50 1166.12 9.52
4436.87 9.28 1155.37 8.38
4453.25 9.50 1141.87 20.97
4469.62 9.40 1136.93 5.52
4485.93 9.26 1125.31 14.83
4502.50 9.46 1120.12 5.40
4518.93 9.26 1110.75 9.17
4535.12 9.48 1111.56 22.30
4551.62 9.67 1099.81 5.66
4568.00 9.49 1095.18 13.82
4584.50 9.71 1091.68 4.92
4601.00 9.56 1088.68 7.31
4617.25 9.74 1084.12 7.70
4633.68 9.69 1083.25 4.55
4650.06 9.51 1085.81 12.99
4666.56 9.73 1084.93 6.90
4682.93 9.59 1083.93 4.63
4699.18 9.77 1087.62 3.84
4715.62 9.71 1090.37 7.59
4732.12 9.48 1090.00 13.67
4748.62 9.71 1097.50 4.75
4765.00 9.56 1108.43 17.39
4781.25 9.74 1109.68 6.84
4797.68 9.69 1116.12 7.25
4814.12 9.48 1126.50 19.01
4830.62 9.71 1137.75 19.40
4846.87 9.62 1133.56 17.78
4863.25 9.74 1145.68 14.04
4879.81 9.64 1156.25 16.96
4896.18 9.46 1173.93 18.77
4912.62 9.66 1183.00 9.80
4928.93 9.59 1194.50 8.48
4945.31 9.72 1205.00 9.06
4961.75 9.66 1218.43 9.60
4978.25 9.44 1230.06 9.66
4994.56 9.62 1244.87 10.79
5011.12 9.52 1256.37 10.18
5027.31 9.41 1277.37 11.26
5043.81 9.63 1285.75 12.78
5060.31 9.41 1303.12 9.80
5076.56 9.62 1316.43 10.12
5093.12 9.57 1330.06 4.64
5109.37 9.44 1349.12 13.25
5125.87 9.66 1363.50 9.33
5142.37 9.44 1378.43 11.36
5158.62 9.69 1394.56 9.69
5175.12 9.57 1406.00 14.34
5191.37 9.44 1421.87 15.41
5207.87 9.66 1438.25 9.47
5224.37 9.48 1457.06 10.44
5240.87 9.66 1471.56 10.09
5257.25 9.55 1474.87 30.44
5273.50 9.42 1498.25 8.01
5290.00 9.65 1512.93 8.77
5306.31 9.53 1530.06 17.93
5322.75 9.66 1540.00 8.26
5339.31 9.53 1549.56 14.41
5355.62 9.41 1563.62 12.60
5372.12 9.64 1574.43 11.46
5388.50 9.50 1590.68 8.07
5404.75 9.67 1603.00 8.26
5421.25 9.59 1621.12 31.46
5437.62 9.41 1622.62 7.60
5454.12 9.64 1639.50 23.47
5470.50 9.50 1637.25 11.22
5486.68 9.39 1646.62 9.88
5503.25 9.60 1657.50 6.27
5519.68 9.39 1657.12 15.90
5536.18 9.62 1667.93 11.87
5552.56 9.73 1676.68 4.06
5568.81 9.85 1683.68 10.93
5585.31 9.83 1687.06 4.94
5601.81 9.64 1689.75 4.13
5618.25 9.89 1688.68 12.01
5634.62 9.76 1695.50 4.12
5650.93 9.90 1696.87 3.60
5667.37 9.85 1699.12 3.22
5683.75 9.70 1696.25 4.22
5700.25 9.89 1699.43 3.71
5716.56 9.78 1699.81 10.78
5733.00 9.88 1695.18 6.92
5749.43 9.83 1693.56 5.09
5765.87 9.62 1692.62 5.73
5782.25 9.86 1688.75 4.44
5798.62 9.76 1681.56 4.99
5815.00 9.88 1687.31 42.80
5831.43 9.83 1670.12 9.32
5847.81 9.66 1666.93 6.66
5864.12 9.83 1669.18 29.14
5880.62 9.76 1657.62 16.70
5896.93 9.60 1644.31 6.28
5913.43 9.83 1636.12 8.27
5929.87 9.64 1630.00 6.13
5946.18 9.80 1624.62 15.81
5962.56 9.79 1612.62 14.48
5979.00 9.58 1598.25 9.48
5995.56 9.78 1590.06 8.45
6011.93 9.64 1579.50 9.56
6028.25 9.77 1566.75 9.37
6044.75 9.72 1558.56 9.12
6061.06 9.55 1545.62 16.27
6077.56 9.78 1528.56 29.64
6094.00 9.67 1522.00 8.33
6110.31 9.87 1510.25 8.25
6126.81 9.75 1498.68 9.10
6143.12 9.58 1489.68 9.88
6159.62 9.81 1476.25 8.39
6175.93 9.70 1463.37 7.80
6192.25 9.84 1449.37 17.65
6208.81 9.75 1436.12 11.81
6225.18 9.57 1426.93 8.07
6241.75 9.80 1414.62 24.77
6258.06 9.68 1402.00 10.85
6274.37 9.82 1392.43 7.21
6290.81 9.78 1379.18 6.13
6307.18 9.60 1361.75 14.30
6323.68 9.79 1355.62 11.91
6340.18 9.64 1344.68 21.63
6356.37 9.56 1339.06 15.73
6372.87 9.80 1329.00 15.39
6389.31 9.60 1318.12 19.13
6405.87 9.80 1304.18 10.56
6422.18 9.68 1294.37 8.80
6438.37 9.56 1287.18 6.47
6454.87 9.80 1273.87 22.17
6471.25 9.66 1275.87 19.98
6487.87 9.80 1266.43 7.53
6504.18 9.70 1261.87 16.65
6520.43 9.54 1251.75 5.34
6537.00 9.76 1246.87 14.91
6553.31 9.64 1238.12 3.43
6569.81 9.84 1230.06 12.45
6586.12 9.71 1230.06 5.34
6602.62 9.83 1225.18 4.05
6619.06 9.79 1222.12 5.49
6635.37 9.67 1217.06 6.38
6651.75 9.84 1215.43 3.92
6668.18 9.74 1213.31 4.40
6684.56 9.60 1213.56 3.44
6701.06 9.79 1211.50 3.24
6717.37 9.67 1206.62 10.42
6733.75 9.79 1211.50 3.62
6750.12 9.77 1214.12 8.86
6766.56 9.55 1215.93 6.33
6783.06 9.79 1213.50 10.70
6799.43 9.65 1218.37 3.89
6815.75 9.79 1220.50 28.12
6832.12 9.77 1229.06 13.05
6848.56 9.55 1226.18 8.28
6865.06 9.79 1228.56 12.19
6881.43 9.66 1240.43 6.67
6897.75 9.79 1242.56 5.45
6914.25 9.73 1249.00 6.62
6930.50 9.63 1253.68 5.29
6947.12 9.76 1258.06 12.71
6963.37 9.69 1265.31 16.77
6979.81 9.77 1274.25 18.23
6996.43 9.66 1282.18 22.81
7012.62 9.59 1292.43 14.84
7029.18 9.76 1296.18 15.21
7045.50 9.64 1303.87 7.59
7061.87 9.74 1320.18 25.43
7078.37 9.68 1316.18 24.20
7094.68 9.62 1334.50 12.52
7111.18 9.80 1341.00 7.56
7127.56 9.67 1350.62 6.70
7143.87 9.55 1361.06 16.15
7160.37 9.73 1369.68 6.12
7176.68 9.62 1378.37 7.36
7193.06 9.79 1385.31 6.51
7209.56 9.67 1397.81 6.59
7225.81 9.52 1407.81 5.36
7242.37 9.75 1417.18 8.74
7258.75 9.62 1422.37 18.97
7275.25 9.78 1436.31 6.77
7291.56 9.69 1446.25 8.46
7307.87 9.52 1454.25 6.75
7324.37 9.75 1464.18 7.62
7340.81 9.60 1477.25 16.92
7357.31 9.83 1478.81 14.02
7373.75 9.68 1487.50 11.00
7389.87 9.62 1489.50 27.84
7406.50 9.75 1509.06 11.08
7422.87 9.62 1512.68 6.63
7439.31 9.83 1517.68 15.34
7455.68 9.69 1524.56 17.91
7471.93 9.58 1538.37 13.56
7488.56 9.76 1544.87 22.99
7504.93 9.61 1547.81 11.73
7521.31 9.78 1555.00 4.55
7537.68 9.70 1554.06 29.43
7554.00 9.56 1568.50 10.06
7570.56 9.76 1575.50 16.00
7586.87 9.64 1579.00 14.17
7603.25 9.79 1584.18 15.82
7619.68 9.75 1589.75 30.41
7636.06 9.59 1593.25 23.81
7652.56 9.81 1589.56 4.06
7668.93 9.67 1590.43 3.87
7685.18 9.57 1593.87 7.19
7701.68 9.75 1593.56 3.16
7718.00 9.64 1594.18 8.00
7734.62 9.80 1593.06 7.84
7750.93 9.68 1596.62 2.87
7767.25 9.55 1589.25 24.49
7783.75 9.74 1590.18 16.66
7800.06 9.62 1593.18 2.72
7816.56 9.81 1594.93 5.19
7832.93 9.68 1592.18 5.27
7849.25 9.55 1588.56 4.90
7865.75 9.74 1587.12 17.31
7882.06 9.62 1582.75 8.11
7898.62 9.79 1579.37 5.12
7914.87 9.69 1574.06 11.35
7931.31 9.53 1571.43 5.57
7947.81 9.71 1567.50 4.82
7964.06 9.62 1557.00 14.13
7980.62 9.74 1564.50 18.98
7997.06 9.64 1552.18 13.22
8013.37 9.51 1551.87 21.16
8029.93 9.67 1541.18 12.06
8046.12 9.62 1534.81 4.59
8062.56 9.70 1525.37 20.52
8079.06 9.64 1521.75 21.52
8095.37 9.51 1511.06 10.47
8111.93 9.72 1503.62 9.10
8128.25 9.62 1494.68 22.20
8144.62 9.55 1493.00 6.58
8161.06 9.69 1488.06 6.37
8177.25 9.62 1478.93 6.37
8193.93 9.72 1475.00 10.83
8210.25 9.62 1464.68 7.00
8226.50 9.52 1455.56 6.81
8243.12 9.69 1448.68 7.36
8259.31 9.62 1437.56 12.76
8275.93 9.77 1431.87 4.98
8292.31 9.62 1432.93 26.00
8308.62 9.53 1415.12 20.71
8325.12 9.69 1411.81 5.18
8341.37 9.61 1411.12 29.18
8358.00 9.80 1396.75 5.02
8374.37 9.67 1390.06 5.27
8390.81 9.56 1381.68 7.76
