2 1340
55 1240
72 1257
88 1212
105 1180
121 1125
137 1088
154 1036
170 1006
187 967
203 928
219 890
236 854
252 814
269 780
285 749
301 715
318 685
334 652
351 620
367 594
383 566
400 539
416 513
432 489
449 466
465 443
482 426
498 405
514 388
531 370
547 353
564 339
580 325
596 324
613 303
629 238
646 289
662 284
678 267
695 271
711 261
728 271
745 268
762 267
778 279
794 275
811 275
827 263
843 293
860 295
876 310
893 314
909 327
925 339
942 353
958 370
975 384
991 399
1007 414
1024 433
1040 454
1057 477
1073 495
1089 518
1106 543
1122 561
1139 584
1155 601
1171 633
1188 655
1204 662
1221 705
1237 738
1253 761
1270 793
1286 819
1302 846
1319 876
1335 906
1352 928
1368 965
1384 988
1401 1025
1417 1045
1434 1081
1450 1107
1466 1138
1483 1167
1499 1195
1516 1223
1532 1256
1548 1284
1565 1313
1581 1345
1598 1370
1614 1398
1630 1437
1647 1454
1663 1479
1680 1455
1696 1531
1712 1554
1729 1569
1746 1607
1763 1634
1779 1595
1795 1680
1812 1696
1828 1733
1845 1746
1861 1761
1877 1780
1894 1802
1910 1821
1927 1832
1943 1846
1959 1867
1976 1888
1992 1897
2009 1911
2025 1925
2041 1937
2058 1953
2074 1963
2090 1966
2107 1979
2123 1992
2140 1993
2156 2005
2172 2008
2189 2010
2205 1975
2222 2019
2238 2023
2254 2002
2271 2027
2287 2027
2304 2025
2320 2028
2336 2026
2353 2008
2369 2017
2386 2016
2402 2019
2418 2004
2435 2000
2451 1990
2468 1982
2484 1979
2500 1968
2517 1959
2533 1948
2549 1938
2566 1925
2582 1917
2599 1905
2615 1892
2631 1883
2648 1870
2664 1856
2681 1843
2697 1826
2713 1816
2730 1771
2746 1784
2763 1766
2779 1779
2796 1736
2812 1718
2828 1709
2845 1682
2861 1668
2877 1656
2894 1633
2910 1616
2927 1594
2943 1584
2959 1562
2976 1547
2992 1531
3009 1510
3025 1492
3041 1480
3058 1459
3074 1441
3091 1426
3107 1410
3123 1390
3140 1375
3156 1358
3173 1341
3189 1326
3205 1315
3222 1295
3238 1282
3255 1258
3271 1254
3287 1237
3304 1220
3320 1208
3336 1196
3353 1165
3369 1171
3386 1157
3402 1152
3418 1135
3435 1125
3451 1116
3468 1101
3484 1095
3500 1085
3517 1074
3533 1070
3550 1067
3566 1055
3582 1049
3599 1046
3615 1038
3632 1025
3648 1026
3664 1020
3681 1014
3697 1015
3714 1009
3730 1008
3746 1008
3763 1006
3779 1011
3796 1007
3812 1005
3828 1029
3845 1006
3861 1009
3877 1013
3894 1013
3910 1018
3927 1009
3943 1018
3959 1029
3976 1038
3992 1039
4009 1041
4025 1047
4041 1050
4058 1060
4074 1063
4091 1069
4107 1077
4123 1086
4140 1094
4156 1099
4173 1107
4189 1119
4205 1184
4222 1145
4238 1144
4255 1142
4271 1163
4287 1176
4304 1180
4320 1193
4336 1202
4353 1088
4369 1226
4386 1236
4402 1247
4418 1257
4435 1268
4451 1282
4468 1290
4484 1299
4500 1309
4517 1323
4533 1327
4550 1345
4566 1357
4582 1359
4599 1375
4615 1382
4632 1393
4648 1410
4664 1419
4681 1426
4697 1434
4714 1449
4730 1424
4746 1465
4763 1476
4779 1431
4796 1496
4812 1502
4828 1599
4845 1517
4861 1525
4878 1535
4894 1542
4910 1550
4927 1559
4943 1566
4960 1570
4976 1580
4992 1583
5009 1588
5025 1595
5042 1602
5058 1606
5074 1612
5091 1617
5107 1615
5123 1620
5140 1624
5156 1630
5173 1632
5189 1635
5205 1617
5222 1639
5238 1659
5255 1623
5271 1646
5287 1646
5304 1639
5320 1649
5337 1647
5353 1608
5369 1645
5386 1645
5402 1639
5419 1646
5435 1640
5451 1646
5468 1637
5484 1632
5501 1635
5517 1630
5533 1629
5550 1629
5566 1621
5582 1620
5599 1612
5615 1612
5632 1605
5648 1601
5664 1596
5681 1592
5697 1588
5714 1583
5730 1572
5746 1571
5763 1565
5779 1534
5796 1551
5812 1550
5828 1438
5845 1540
5861 1539
5878 1528
5894 1518
5910 1514
5927 1524
5943 1506
5960 1491
5976 1506
5992 1481
6009 1476
6025 1469
6042 1461
6058 1456
6074 1453
6091 1444
6107 1440
6123 1427
6140 1426
6156 1421
6173 1407
6189 1405
6205 1405
6222 1392
6238 1389
6255 1367
6271 1375
6287 1369
6304 1364
6320 1360
6337 1356
6353 1339
6369 1342
6386 1339
6402 1342
6419 1328
6435 1326
6451 1311
6468 1318
6484 1315
6501 1305
6517 1306
6533 1300
6550 1292
6566 1297
6582 1291
6599 1287
6615 1281
6632 1282
6648 1279
6664 1279
6681 1277
6697 1277
6714 1274
6730 1261
6746 1266
6763 1271
6779 1327
6796 1270
6812 1267
6828 1233
6845 1266
6861 1267
6878 1274
6894 1265
6910 1266
6927 1267
6943 1271
6960 1269
6976 1265
6992 1275
7009 1274
7025 1274
7042 1280
7058 1281
7074 1277
7091 1287
7107 1291
7124 1290
7140 1290
7156 1292
7173 1297
7189 1300
7205 1305
7222 1309
7238 1309
7255 1341
7271 1316
7287 1319
7304 1323
7320 1329
7337 1329
7353 1339
7369 1339
7386 1343
7402 1363
7419 1345
7435 1353
7451 1361
7468 1359
7484 1367
7501 1367
7517 1375
7533 1379
7550 1382
7566 1386
7583 1390
7599 1393
7615 1398
7632 1406
7648 1404
7664 1410
7681 1415
7697 1415
7714 1422
7730 1408
7747 1428
7763 1433
7779 1399
7796 1436
7812 1444
7829 1431
7845 1448
7861 1454
7878 1452
7894 1462
7911 1460
7927 1462
7943 1465
7960 1475
7976 1467
7992 1477
8009 1479
8025 1481
8042 1480
8058 1482
8074 1473
8091 1487
8107 1488
8124 1490
8140 1492
8156 1493
8173 1495
8189 1498
8206 1499
8222 1501
8238 1504
8255 1494
8271 1502
8288 1501
8304 1499
8320 1504
8337 1502
8353 1461
8370 1505
8386 1504
8402 1504
8419 1505
8435 1502
8451 1501
8468 1501
8484 1501
8501 1510
8517 1500
8533 1498
8550 1498
8566 1497
8583 1495
8599 1497
8615 1496
8632 1495
8648 1490
8665 1481
8681 1488
8697 1483
8714 1481
8730 1489
8747 1478
8763 1478
8779 1459
8796 1474
8812 1475
8829 1473
8845 1467
8861 1468
8878 1457
8894 1464
8910 1455
8927 1462
8943 1454
8960 1452
8976 1456
8992 1451
9009 1447
9025 1441
9042 1440
9058 1440
9074 1450
9091 1436
9107 1429
9124 1430
9140 1428
9156 1428
9173 1421
9189 1422
9206 1418
9222 1417
9238 1411
9255 1407
9271 1407
9288 1406
9304 1403
9320 1400
9337 1398
9353 1407
9369 1397
9386 1396
9402 1394
9419 1397
9435 1386
9451 1397
9468 1385
9484 1385
9501 1388
9517 1381
9533 1375
9550 1375
9566 1378
9583 1376
9599 1369
9615 1374
9632 1370
9648 1370
9665 1372
9681 1368
9697 1361
9714 1369
9730 1349
9747 1366
9763 1367
9779 1365
9796 1361
9812 1362
9829 1349
9845 1364
9861 1367
9878 1356
9894 1363
9911 1364
9927 1367
9943 1363
9960 1365
9976 1355
9993 1365
10009 1365
10025 1389
10042 1366
10058 1368
10075 1365
10091 1367
10107 1368
10124 1372
10140 1372
10156 1371
10173 1374
10189 1374
10206 1373
10222 1380
10238 1379
10255 1381
10271 1378
10288 1381
10304 1382
10320 1385
10337 1386
10353 1352
10370 1386
10386 1391
10402 1392
10419 1391
10435 1395
10452 1411
10468 1394
10484 1397
10501 1403
10517 1401
10534 1400
10550 1404
10566 1405
10583 1403
10599 1409
10615 1410
10632 1411
10648 1415
10665 1417
10681 1419
10697 1415
10714 1419
10730 1417
10747 1421
10763 1427
10779 1428
10796 1427
10812 1428
10829 1408
10845 1429
10861 1433
10878 1433
10894 1434
10911 1436
10927 1435
10943 1439
10960 1442
10976 1451
10993 1439
11009 1445
11025 1442
11042 1445
11058 1446
11075 1446
11091 1449
11107 1444
11124 1445
11140 1450
11156 1442
11173 1450
11189 1451
11206 1450
11222 1453
11238 1455
11255 1407
11271 1453
11288 1452
11304 1455
11320 1454
11337 1455
11353 1409
11370 1455
11386 1457
11402 1455
11419 1457
11435 1464
11452 1456
11468 1458
11484 1453
11501 1453
11517 1456
11534 1500
11550 1452
11566 1452
11583 1448
11599 1448
11615 1451
11632 1449
11648 1451
11665 1449
11681 1447
11697 1450
11714 1451
11730 1448
11747 1448
11763 1447
11779 1446
11796 1446
11812 1445
11829 1444
11845 1444
11861 1443
11878 1441
11894 1440
11911 1435
11927 1438
11943 1439
11960 1384
11976 1435
11993 1435
12009 1413
12025 1430
12042 1422
12058 1327
12075 1424
12091 1429
12107 1428
12124 1425
12140 1425
12156 1432
12173 1428
12189 1424
12206 1420
12222 1423
12238 1420
12255 1418
12271 1418
12288 1419
12304 1415
12320 1419
12337 1412
12353 1465
12370 1413
12386 1412
12402 1408
12419 1415
12435 1411
12452 1423
12468 1407
12484 1406
12501 1409
12517 1403
12534 1400
12550 1409
12566 1403
12583 1406
12599 1402
12615 1392
12632 1401
12648 1402
12665 1400
12681 1397
12697 1399
12714 1394
12730 1402
12747 1396
12763 1398
12779 1395
12796 1396
12812 1401
12829 1380
12845 1401
12861 1398
12878 1411
12894 1397
12911 1400
12927 1398
12943 1397
12960 1399
12976 1404
12993 1400
13009 1406
13025 1394
13042 1398
13058 1403
13075 1403
13091 1401
13107 1400
13124 1404
13140 1404
13156 1403
13173 1402
13189 1405
13206 1399
13222 1406
13238 1406
13255 1488
13271 1406
13288 1408
13304 1410
13320 1409
13337 1418
13353 1411
13370 1413
13386 1414
13402 1421
13419 1415
13435 1415
13452 1407
13468 1416
13484 1416
13501 1410
13517 1419
13534 1425
13550 1420
13566 1420
13583 1422
13599 1419
13615 1422
13632 1423
13648 1419
13665 1424
13681 1432
13697 1425
13714 1426
13730 1431
13747 1426
13763 1430
13779 1429
13796 1431
13812 1436
13829 1429
13845 1433
13861 1432
13878 1441
13894 1435
13911 1435
13927 1439
13943 1436
13960 1433
13976 1426
13993 1442
14009 1434
14025 1446
14042 1436
14058 1438
14075 1441
14091 1438
14107 1437
14124 1439
14140 1435
14156 1440
14173 1441
14189 1439
14206 1440
14222 1443
14238 1441
14255 1454
14271 1442
14288 1441
14304 1441
14320 1442
14337 1439
14353 1420
14370 1444
14386 1441
14402 1442
14419 1441
14435 1441
14452 1446
14468 1442
14484 1439
14501 1436
14517 1439
14534 1433
14550 1439
14566 1439
14583 1437
14599 1442
14615 1439
14632 1438
14648 1438
14665 1437
14681 1437
14697 1437
14714 1437
14730 1442
14747 1437
14763 1433
14779 1433
14796 1435
14812 1434
14829 1476
14845 1422
14861 1435
14878 1529
14894 1432
14911 1433
14927 1428
14943 1431
14960 1431
14976 1425
14993 1428
15009 1427
15025 1424
15042 1426
15058 1426
15075 1428
15091 1427
15107 1424
15124 1425
15140 1421
15156 1418
15173 1422
15189 1421
15206 1421
15222 1412
15238 1420
15255 1441
15271 1424
15288 1420
15304 1419
15320 1418
15337 1417
15353 1387
15370 1415
15386 1420
15402 1428
15419 1417
15435 1413
15452 1410
15468 1417
15484 1414
15501 1410
15517 1413
15534 1411
15550 1413
15566 1410
15583 1408
15599 1413
15615 1412
15632 1409
15648 1403
15665 1408
15681 1409
15697 1411
15714 1414
15730 1409
15747 1409
15763 1412
15779 1383
15796 1408
15812 1408
15829 1364
15845 1409
15861 1410
15878 1435
15894 1407
15911 1406
15927 1410
15943 1410
15960 1404
15976 1400
15993 1407
16009 1409
16025 1402
16042 1410
16058 1410
16075 1405
16091 1408
16107 1411
16124 1410
16140 1410
16156 1412
16173 1409
16189 1415
16206 1415
16222 1412
16238 1414
16255 1367
16271 1414
16288 1418
16304 1415
16320 1414
16337 1415
16353 1367
16370 1417
16386 1418
16402 1405
16419 1422
16435 1417
16452 1431
16468 1416
16484 1418
16501 1420
16517 1420
16534 1420
16550 1424
16566 1420
16583 1420
16599 1421
16615 1424
16632 1423
16648 1424
16665 1426
16681 1421
16697 1423
16714 1426
16730 1427
16747 1430
16763 1420
16779 1406
16796 1426
16812 1428
16829 1402
16845 1426
16861 1429
16878 1472
16894 1431
16911 1429
16927 1433
16943 1430
16960 1430
16976 1436
16993 1433
17009 1427
17025 1439
17042 1435
17058 1432
17075 1433
17091 1430
17107 1433
17124 1436
17140 1429
17156 1426
17173 1435
17189 1431
17206 1433
17222 1432
17238 1430
17255 1479
17271 1431
17288 1432
17304 1432
17320 1433
17337 1430
17353 1405
17370 1430
17386 1434
17402 1438
17419 1431
17435 1430
17452 1422
17468 1432
17484 1433
17501 1430
17517 1430
17534 1430
17550 1431
17566 1432
17583 1431
17599 1429
17615 1430
17632 1432
17648 1432
17665 1429
17681 1428
17697 1429
17714 1429
17730 1428
17747 1427
17763 1428
17779 1401
17796 1430
17812 1431
17829 1388
17845 1430
17861 1429
17878 1408
17894 1430
17911 1424
17927 1425
17943 1428
17960 1424
17976 1428
17993 1425
18009 1425
18025 1422
18042 1427
18058 1423
18075 1427
18091 1422
18107 1422
18124 1427
18140 1428
18156 1427
18173 1424
18189 1423
18206 1427
18222 1427
18238 1421
18255 1425
18271 1426
18288 1422
18304 1422
18320 1421
18337 1420
18353 1398
18370 1419
18386 1423
18402 1426
18419 1420
18435 1418
18452 1413
18468 1420
18484 1425
18501 1411
18517 1418
18534 1421
18550 1420
18566 1416
18583 1423
18599 1420
18615 1423
18632 1419
18648 1420
18665 1420
18681 1418
18697 1415
18714 1424
18730 1418
18747 1420
18763 1421
18779 1411
18796 1420
18812 1420
18829 1404
18845 1420
18861 1417
18878 1289
18894 1422
18911 1420
18927 1418
18943 1418
18960 1418
18976 1418
18993 1420
19009 1418
19025 1401
19042 1419
19058 1420
19075 1424
19091 1419
19107 1421
19124 1421
19140 1420
19156 1420
19173 1420
19189 1420
19206 1421
19222 1422
19238 1423
19255 1420
19271 1418
19288 1422
19304 1422
19320 1423
19337 1414
19353 1448
19370 1423
19386 1420
19402 1422
19419 1425
19435 1424
19452 1430
19468 1420
19484 1423
19501 1422
19517 1425
19534 1425
19550 1433
19566 1424
19583 1427
19599 1425
19615 1420
19632 1424
19648 1427
19665 1428
19681 1428
19697 1429
19714 1422
19730 1428
19747 1430
19763 1427
19779 1441
19796 1429
19812 1422
19829 1471
19845 1428
19861 1429
19878 1482
19894 1428
19911 1427
19927 1437
19943 1426
19960 1421
19976 1429
19993 1428
20009 1429
20025 1428
20042 1430
20058 1423
20075 1429
20091 1429
20107 1427
20124 1428
20140 1428
20156 1432
20173 1429
20189 1430
20206 1430
20222 1427
20238 1428
20255 1424
20271 1426
20288 1428
20304 1425
20320 1428
20337 1428
20353 1426
20370 1429
20386 1427
20402 1429
20419 1427
20435 1430
20452 1440
20468 1425
20484 1426
20501 1440
20517 1428
20534 1425
20550 1424
20566 1432
20583 1443
20599 1425
20615 1425
20632 1429
20648 1427
20665 1423
20681 1427
20697 1422
20714 1423
20730 1423
20747 1423
20763 1425
20779 1436
20796 1425
20812 1424
20829 1496
20845 1426
20861 1424
20878 1356
20894 1424
20911 1422
20927 1421
20943 1434
20960 1424
20976 1420
20993 1421
21009 1423
21025 1421
21042 1421
21058 1424
21075 1426
21091 1429
21107 1425
21124 1423
21140 1416
21156 1421
21173 1419
21189 1423
21206 1418
21222 1423
21238 1418
21255 1427
21271 1421
21288 1423
21304 1421
21320 1422
21337 1424
21353 1435
21370 1419
21386 1422
21402 1418
21419 1420
21435 1424
21452 1422
21468 1412
21484 1422
21501 1422
21517 1417
21534 1419
21550 1415
21566 1419
21583 1421
21599 1417
21615 1421
21632 1418
21648 1423
21665 1420
21681 1424
21697 1421
21714 1423
21730 1419
21747 1421
21763 1419
21779 1497
21796 1421
21812 1419
21829 1464
21845 1421
21861 1418
21878 1380
21894 1420
21911 1424
21927 1430
21943 1421
21960 1425
21976 1435
21993 1424
22009 1422
22025 1417
22042 1421
22058 1422
22075 1424
22091 1420
22107 1423
22124 1422
22140 1424
22156 1424
22173 1423
22189 1425
22206 1425
22222 1423
22238 1426
22255 1428
22271 1425
22288 1422
22304 1421
22320 1429
22337 1427
22353 1428
22370 1422
22386 1425
22402 1435
22419 1425
22435 1426
22452 1426
22468 1425
22484 1456
22501 1429
22517 1428
22534 1479
22550 1427
22566 1430
22583 1490
22599 1429
22615 1430
22632 1447
22648 1428
22665 1426
22681 1429
22697 1429
22714 1429
22730 1432
22747 1429
22763 1427
22779 1430
22796 1431
22812 1427
22829 1430
22845 1431
22861 1428
22878 1431
22894 1428
22911 1426
22927 1421
22943 1430
22960 1432
22976 1423
22993 1430
23009 1433
23025 1428
23042 1431
23058 1446
23075 1429
23091 1420
23107 1431
23124 1426
23140 1427
23156 1435
23173 1424
23189 1427
23206 1423
23222 1423
23238 1423
23255 1423
23271 1423
23288 1423
23304 1423
23320 1421
23337 1425
23353 1436
23370 1427
23386 1426
23402 1411
23419 1424
23435 1422
23452 1414
23468 1419
23484 1422
23501 1419
23517 1421
23534 1418
23550 1423
23566 1421
23583 1419
23599 1421
23615 1420
23632 1418
23648 1420
23665 1416
23681 1421
23697 1419
23714 1420
23730 1417
23747 1417
23763 1419
23779 1423
23796 1419
23812 1417
23829 1419
23845 1416
23861 1418
23878 1409
23894 1416
23911 1418
23927 1411
23943 1411
23960 1417
23976 1424
23993 1415
24009 1416
24025 1414
24042 1415
24058 1416
24075 1410
24091 1416
24107 1415
24124 1416
24140 1417
24156 1415
24173 1414
24189 1415
24206 1420
24222 1415
24238 1413
24255 1420
24271 1417
24288 1416
24304 1412
24320 1413
24337 1416
24353 1417
24370 1414
24386 1415
24402 1587
24419 1419
24435 1419
24452 1425
24468 1416
24484 1420
24501 1411
24517 1419
24534 1416
24550 1417
24566 1420
24583 1420
24599 1415
24615 1415
24632 1428
24648 1419
24665 1418
24681 1418
24697 1418
24714 1420
24730 1419
24747 1424
24763 1421
24779 1429
24796 1425
24812 1474
24829 1481
24845 1527
24861 1546
24878 1569
24894 1568
24911 1576
24927 1582
24943 1590
24960 1600
24976 1596
24993 1605
25009 1609
25025 1616
25042 1616
25058 1622
25075 1617
25091 1625
25107 1622
25124 1623
25140 1618
25156 1625
25173 1620
25189 1624
25206 1625
25222 1623
25238 1620
25255 1623
25271 1619
25288 1618
25304 1621
25320 1621
25337 1618
25353 1642
25370 1614
25386 1611
25402 1593
25419 1611
25435 1606
25452 1613
25468 1604
25484 1604
25501 1597
25517 1596
25534 1600
25550 1595
25566 1595
25583 1593
25599 1589
25615 1595
25632 1586
25648 1588
25665 1587
25681 1588
25697 1584
25714 1583
25730 1580
25747 1577
25763 1581
25779 1579
25796 1573
25812 1575
25829 1632
25845 1573
25861 1567
25878 1569
25894 1570
25911 1566
25927 1578
25943 1568
25960 1566
25976 1577
25993 1566
26009 1564
26025 1565
26042 1561
26058 1563
26075 1556
26091 1558
26107 1562
26124 1562
26140 1560
26156 1559
26173 1554
26189 1559
26206 1558
26222 1556
26238 1555
26255 1551
26271 1553
26288 1557
26304 1552
26320 1557
26337 1551
26353 1609
26370 1551
26386 1559
26402 1545
26419 1548
26435 1548
26452 1540
26468 1548
26484 1549
26501 1545
26517 1547
26534 1544
26550 1551
26566 1546
26583 1549
26599 1544
26615 1545
26632 1544
26648 1540
26665 1545
26681 1546
26697 1544
26714 1543
26730 1543
26747 1543
26763 1543
26779 1592
26796 1545
26812 1540
26829 1541
26845 1541
26861 1539
26878 1555
26894 1537
26911 1532
26927 1536
26943 1537
26960 1537
26976 1539
26993 1539
27009 1537
27025 1539
27042 1536
27058 1535
27075 1538
27091 1532
27107 1537
27124 1537
27140 1530
27156 1534
27173 1534
27189 1532
27206 1534
27222 1533
27238 1532
27255 1535
27271 1532
27288 1536
27304 1530
27320 1527
27337 1531
27353 1524
27370 1530
27386 1531
27402 1499
27419 1531
27435 1530
27452 1530
27468 1531
27484 1528
27501 1525
27517 1529
27534 1529
27550 1521
27566 1527
27583 1528
27599 1526
27615 1528
27632 1523
27648 1526
27665 1527
27681 1526
27697 1526
27714 1523
27730 1523
27747 1524
27763 1526
27779 1539
27796 1524
27812 1525
27829 1525
27845 1523
27861 1523
27878 1524
27894 1524
27911 1519
27927 1522
27943 1523
27960 1525
27976 1538
27993 1521
28009 1523
28025 1520
28042 1520
28058 1518
28075 1516
28091 1517
28107 1520
28124 1519
28140 1518
28156 1522
28173 1520
28189 1520
28206 1518
28222 1521
28238 1520
28255 1518
28271 1517
28288 1518
28304 1514
28320 1517
28337 1519
28353 1523
28370 1518
28386 1517
28402 1497
28419 1516
28435 1514
28452 1515
28468 1517
28484 1523
28501 1513
28517 1518
28534 1517
28550 1512
28566 1515
28583 1515
28599 1514
28615 1512
28632 1513
28648 1517
28665 1509
28681 1514
28697 1513
28714 1512
28730 1512
28747 1512
28763 1510
28779 1505
28796 1518
28812 1512
28829 1507
28845 1513
28861 1511
28878 1514
28894 1512
28911 1512
28927 1510
28943 1508
28960 1512
28976 1512
28993 1510
29009 1511
29025 1523
29042 1510
29058 1509
29075 1529
29091 1508
29107 1507
29124 1507
29140 1509
29156 1509
29173 1511
29189 1505
29206 1509
29222 1509
29238 1511
29255 1514
29271 1507
29288 1507
29304 1505
29320 1510
29337 1509
29353 1503
29370 1512
29386 1507
29402 1598
29419 1508
29435 1508
29452 1500
29468 1506
29484 1506
29501 1504
29517 1504
29534 1504
29550 1516
29566 1506
29583 1506
29599 1499
29615 1505
29632 1503
29648 1504
29665 1506
29681 1502
29697 1504
29714 1505
29730 1506
29747 1504
29763 1506
29779 1512
29796 1503
29812 1502
29829 1469
29845 1504
29861 1498
29878 1470
29894 1502
29911 1504
29927 1503
29943 1503
29960 1503
29976 1507
29993 1504
30009 1502
30025 1501
30042 1502
30058 1498
30075 1508
30091 1506
30107 1498
30124 1504
30140 1502
30156 1499
30173 1495
30189 1499
30206 1499
30222 1501
30238 1502
30255 1501
30271 1502
30288 1499
30304 1499
30320 1502
30337 1500
30353 1513
30370 1501
30386 1500
30402 1545
30419 1501
30435 1496
30452 1501
30468 1500
30484 1500
30501 1509
30517 1499
30534 1498
30550 1492
30566 1497
30583 1495
30599 1498
30615 1499
30632 1498
30648 1497
30665 1498
30681 1498
30697 1499
30714 1499
30730 1496
30747 1499
30763 1498
30779 1490
30796 1495
30812 1495
30829 1495
30845 1497
30861 1498
30878 1556
30894 1495
30911 1494
30927 1479
30943 1499
30960 1498
30976 1483
30993 1498
31009 1497
31025 1490
31042 1495
31058 1495
31075 1499
31091 1496
31107 1500
31124 1495
31140 1494
31156 1498
31173 1498
31189 1496
31206 1493
31222 1493
31238 1496
31255 1495
31271 1493
31288 1494
31304 1495
31320 1496
31337 1495
31353 1443
31370 1493
31386 1494
31402 1541
31419 1497
31435 1492
31452 1509
31468 1498
31484 1494
31501 1494
31517 1496
31534 1495
31550 1493
31566 1495
31583 1491
31599 1494
31615 1497
31632 1491
31648 1494
31665 1494
31681 1489
31697 1492
31714 1491
31730 1492
31747 1494
31763 1490
31779 1497
31796 1493
31812 1491
31829 1494
31845 1493
31861 1492
31878 1544
31894 1492
31911 1493
31927 1493
31943 1494
31960 1490
31976 1489
31993 1493
32009 1492
32025 1490
32042 1492
32058 1491
32075 1486
32091 1492
32107 1492
32124 1490
32140 1490
32156 1490
32173 1485
32189 1492
32206 1491
32222 1498
32238 1493
32255 1491
32271 1488
32288 1490
32304 1488
32320 1490
32337 1490
32353 1499
32370 1488
32386 1491
32402 1487
32419 1489
32435 1488
32452 1492
32468 1489
32484 1485
32501 1488
32517 1491
32534 1529
32550 1487
32566 1488
32583 1462
32599 1489
32615 1490
32632 1492
32648 1490
32665 1497
32681 1471
32697 1489
32714 1488
32730 1489
32747 1487
32763 1488
32779 1482
32796 1488
32812 1489
32829 1487
32845 1490
32861 1487
32878 1486
32894 1486
32911 1487
32927 1489
32943 1487
32960 1489
32976 1494
32993 1487
33009 1403
33025 1487
33042 1488
33058 1452
33075 1489
33091 1488
33107 1558
33124 1485
33140 1486
33156 1483
33173 1492
33189 1487
33206 1498
33222 1487
33238 1488
33255 1485
33271 1485
33288 1481
33304 1484
33320 1488
33337 1485
33353 1473
33370 1478
33386 1488
33402 1465
33419 1486
33435 1484
33452 1476
33468 1490
33484 1485
33501 1485
33517 1485
33534 1484
33550 1481
33566 1483
33583 1484
33599 1479
