2 1314
55 1271
72 1231
88 1182
105 1142
121 1099
137 1055
154 1011
170 969
187 928
203 879
219 844
236 802
252 765
268 723
285 687
301 647
318 607
334 572
352 528
369 493
385 463
401 427
418 394
434 359
451 331
467 287
483 270
500 239
516 178
533 181
549 158
565 170
582 110
598 88
614 66
631 49
647 36
664 19
680 6
696 0
713 0
729 0
746 0
762 0
778 0
795 0
811 0
828 0
844 0
860 0
877 0
893 0
910 0
926 0
942 0
959 6
975 13
992 55
1008 22
1024 30
1041 35
1057 50
1073 52
1090 62
1106 73
1123 84
1139 86
1155 106
1172 117
1188 136
1205 144
1221 160
1237 170
1254 187
1270 200
1287 221
1303 238
1319 256
1336 274
1353 296
1370 316
1386 336
1403 363
1419 386
1435 408
1452 430
1468 455
1484 482
1501 510
1517 509
1534 561
1550 591
1566 614
1583 646
1599 681
1616 710
1632 741
1648 766
1665 799
1681 827
1698 860
1714 885
1730 926
1747 956
1763 984
1780 1025
1796 1059
1812 1087
1829 1127
1845 1156
1862 1191
1878 1227
1894 1260
1911 1293
1927 1330
1943 1362
1960 1396
1976 1429
1993 1465
2009 1495
2025 1532
2042 1593
2058 1602
2075 1632
2091 1725
2107 1698
2124 1732
2140 1762
2157 1792
2173 1827
2189 1862
2206 1892
2222 1924
2239 1953
2255 1980
2271 2010
2288 2039
2304 2064
2321 2093
2337 2120
2354 2154
2371 2178
2387 2204
2404 2225
2420 2250
2436 2280
2453 2304
2469 2321
2486 2342
2502 2362
2518 2387
2535 2411
2551 2423
2568 2440
2584 2456
2600 2477
2617 2457
2633 2507
2650 2518
2666 2568
2682 2546
2699 2560
2715 2579
2732 2579
2748 2590
2764 2602
2781 2604
2797 2608
2813 2614
2830 2624
2846 2624
2863 2625
2879 2630
2895 2633
2912 2637
2928 2636
2945 2633
2961 2627
2977 2629
2994 2628
3010 2622
3027 2614
3043 2610
3059 2607
3076 2597
3092 2524
3109 2576
3125 2568
3141 2612
3158 2546
3174 2534
3191 2522
3207 2507
3223 2491
3240 2479
3256 2465
3272 2443
3289 2425
3305 2410
3322 2391
3338 2371
3356 2351
3372 2328
3388 2303
3405 2286
3421 2264
3438 2242
3454 2219
3470 2192
3487 2169
3503 2146
3520 2117
3536 2093
3552 2069
3569 2039
3585 2014
3602 1985
3618 1961
3634 1933
3651 1899
3667 1928
3683 1845
3700 1816
3716 1837
3733 1755
3749 1727
3765 1686
3782 1668
3798 1641
3815 1613
3831 1579
3847 1544
3864 1518
3880 1488
3897 1460
3913 1426
3929 1398
3946 1370
3962 1340
3979 1305
3995 1278
4011 1251
4028 1220
4044 1191
4061 1160
4077 1134
4093 1106
4110 1077
4126 1049
4142 1023
4159 995
4175 969
4192 966
4208 916
4224 895
4241 895
4257 840
4274 817
4290 797
4306 770
4323 744
4339 723
4357 702
4373 684
4390 644
4406 642
4422 612
4439 604
4455 587
4472 568
4488 553
4504 532
4521 518
4537 505
4553 492
4570 471
4586 468
4603 455
4619 440
4635 426
4652 416
4668 415
4685 404
4701 391
4717 383
4734 385
4750 377
4767 351
4783 365
4799 363
4816 327
4832 361
4849 359
4865 290
4881 364
4898 360
4914 355
4931 367
4947 370
4963 385
4980 376
4996 382
5012 388
5029 399
5045 408
5062 415
5078 419
5094 436
5111 447
5127 455
5144 471
5160 478
5176 496
5193 508
5209 519
5226 535
5242 561
5258 570
5275 586
5291 603
5308 618
5324 642
5340 660
5358 678
5374 699
5391 680
5407 739
5423 763
5440 949
5456 804
5473 828
5489 856
5505 881
5522 899
5538 915
5555 945
5571 970
5587 989
5604 1023
5620 1044
5637 1070
5653 1098
5669 1125
5686 1150
5702 1173
5719 1198
5735 1229
5751 1254
5768 1282
5784 1307
5801 1331
5817 1317
5833 1391
5850 1413
5866 1439
5882 1465
5899 1494
5915 1533
5932 1546
5948 1569
5964 1583
5981 1621
5997 1652
6014 1677
6030 1697
6046 1722
6063 1748
6079 1770
6096 1802
6112 1818
6128 1847
6145 1862
6161 1886
6178 1909
6194 1932
6210 1952
6227 1974
6243 1992
6260 2017
6276 2040
6292 2053
6309 2069
6325 2085
6341 2104
6359 2125
6375 2147
6392 2159
6408 2178
6425 2189
6441 2206
6457 2216
6474 2235
6490 2246
6507 2258
6523 2269
6539 2279
6556 2289
6572 2302
6589 2306
6605 2315
6621 2267
6638 2330
6654 2334
6671 2320
6687 2345
6703 2352
6720 2356
6736 2362
6752 2359
6769 2364
6785 2361
6802 2363
6818 2373
6834 2362
6851 2360
6867 2354
6884 2354
6900 2349
6916 2348
6933 2346
6949 2339
6966 2330
6982 2326
6998 2321
7015 2308
7031 2301
7048 2289
7064 2285
7080 2271
7097 2181
7113 2252
7130 2243
7146 2170
7162 2213
7179 2200
7195 2232
7211 2172
7228 2156
7244 2151
7261 2129
7277 2108
7293 2091
7310 2077
7326 2059
7343 2035
7360 2030
7377 1999
7393 1979
7409 1961
7426 1940
7442 1923
7459 1901
7475 1877
7491 1854
7508 1836
7524 1811
7541 1796
7557 1767
7573 1747
7590 1730
7606 1704
7622 1680
7639 1671
7655 1632
7672 1611
7688 1579
7704 1567
7721 1543
7737 1515
7754 1497
7770 1475
7786 1447
7803 1426
7819 1402
7836 1377
7852 1359
7868 1330
7885 1307
7901 1285
7918 1264
7934 1238
7950 1221
7967 1103
7983 1173
8000 1150
8016 1164
8032 1115
8049 1087
8065 1025
8081 1050
8098 1026
8114 1008
8131 990
8147 970
8163 947
8180 933
8196 916
8213 894
8229 881
8245 862
8262 850
8278 829
8295 821
8311 799
8327 786
8344 773
8361 771
8378 747
8394 731
8411 724
8427 708
8443 704
8460 692
8476 682
8492 668
8509 665
8525 654
8542 603
8558 639
8574 633
8591 618
8607 622
8624 615
8640 575
8656 609
8673 604
8689 593
8706 596
8722 601
8738 600
8755 599
8771 602
8788 599
8804 602
8820 604
8837 604
8853 607
8870 615
8886 618
8902 624
8919 629
8935 638
8951 646
8968 649
8984 658
9001 665
9017 683
9033 689
9050 695
9066 737
9083 717
9099 724
9115 704
9132 751
9148 767
9165 778
9181 791
9197 804
9214 836
9230 834
9247 844
9263 856
9279 877
9296 901
9312 908
9329 930
9345 944
9362 971
9379 982
9395 999
9412 1018
9428 1035
9444 1055
9461 1074
9477 1095
9494 1110
9510 1134
9526 1150
9543 1170
9559 1189
9576 1208
9592 1241
9608 1253
9625 1271
9641 1254
9658 1314
9674 1334
9690 1385
9707 1375
9723 1390
9739 1413
9756 1433
9772 1457
9789 1482
9805 1496
9821 1518
9838 1550
9854 1555
9871 1579
9887 1592
9903 1615
9920 1637
9936 1654
9953 1675
9969 1691
9985 1709
10002 1728
10018 1748
10035 1764
10051 1786
10067 1798
10084 1817
10100 1834
10117 1869
10133 1870
10149 1882
10166 1848
10182 1906
10198 1928
10215 2039
10231 1953
10248 1972
10264 1975
10280 1994
10297 2004
10313 2014
10330 2028
10346 2044
10363 2046
10380 2058
10396 2070
10413 2094
10429 2086
10445 2096
10462 2101
10478 2106
10494 2110
10511 2124
10527 2126
10544 2133
10560 2136
10576 2142
10593 2143
10609 2148
10626 2147
10642 2152
10658 2152
10675 2156
10691 2150
10708 2157
10724 2154
10740 2148
10757 2153
10773 2153
10790 2152
10806 2137
10822 2143
10839 2162
10855 2132
10872 2124
10888 2114
10904 2117
10921 2110
10937 2099
10953 2092
10970 2083
10986 2079
11003 2071
11019 2058
11035 2052
11052 2040
11068 2030
11085 2016
11101 2007
11117 1995
11134 1988
11150 1970
11167 2042
11183 1947
11199 1931
11216 1951
11232 1908
11249 1891
11265 1846
11281 1860
11298 1843
11314 1831
11331 1815
11347 1798
11363 1781
11380 1766
11396 1751
11413 1728
11429 1715
11445 1696
11462 1681
11478 1665
11494 1651
11511 1628
11527 1611
11544 1593
11560 1574
11576 1558
11593 1534
11609 1523
11626 1501
11642 1489
11658 1466
11675 1448
11691 1427
11708 1411
11724 1395
11740 1420
11757 1356
11773 1337
11790 1316
11806 1307
11822 1287
11839 1265
11855 1255
11872 1235
11888 1227
11904 1200
11921 1183
11937 1167
11953 1152
11970 1137
11986 1117
12003 1101
12019 1088
12035 1079
12052 1065
12068 1044
12085 1030
12101 1016
12117 1005
12134 994
12150 981
12167 935
12183 957
12199 945
12216 923
12232 921
12249 909
12265 917
12281 889
12298 879
12314 872
12331 859
12347 857
12363 865
12380 843
12396 832
12413 827
12429 820
12445 812
12462 812
12478 804
12495 799
12511 799
12527 791
12544 787
12560 786
12577 785
12593 783
12609 784
12626 781
12642 783
12659 786
12675 783
12691 761
12708 784
12724 787
12740 763
12757 789
12773 794
12790 809
12806 808
12822 809
12839 810
12855 824
12872 828
12888 833
12904 836
12921 846
12937 844
12954 862
12970 872
12986 879
13003 886
13019 896
13036 914
13052 920
13068 931
13085 940
13101 951
13118 964
13134 978
13150 988
13167 951
13183 1012
13199 1028
13216 1019
13232 1056
13249 1066
13265 1077
13281 1095
13298 1106
13314 1121
13331 1140
13347 1157
13363 1169
13380 1181
13396 1197
13413 1205
13429 1230
13445 1247
13462 1260
13478 1278
13495 1295
13511 1306
13527 1330
13544 1343
13560 1358
13577 1374
13593 1387
13609 1408
13626 1419
13642 1441
13659 1455
13675 1470
13691 1468
13708 1502
13724 1519
13740 1517
13757 1552
13773 1564
13790 1594
13806 1595
13822 1611
13839 1625
13855 1639
13872 1655
13888 1672
13904 1685
13921 1699
13937 1713
13954 1724
13970 1737
13986 1749
14003 1765
14019 1783
14036 1789
14052 1802
14068 1815
14085 1824
14101 1837
14118 1846
14134 1854
14150 1864
14167 1893
14183 1886
14199 1894
14216 1901
14232 1912
14249 1923
14265 1873
14281 1938
14298 1942
14314 1948
14331 1954
14347 1961
14363 1966
14380 1972
14396 1978
14413 1981
14429 1983
14445 1990
14462 1990
14478 1994
14495 1996
14511 1998
14527 1997
14544 2001
14560 2000
14577 2002
14593 2006
14609 2005
14626 2001
14642 1996
14659 1995
14675 1997
14691 1993
14708 1991
14724 1985
14741 1926
14757 1981
14773 1972
14790 2009
14806 1958
14822 1958
14839 1945
14855 1948
14872 1940
14888 1930
14904 1927
14921 1919
14937 1900
14954 1902
14970 1892
14986 1883
15003 1874
15019 1864
15036 1858
15052 1845
15068 1834
15085 1823
15101 1812
15118 1801
15134 1785
15150 1775
15167 1758
15183 1753
15200 1743
15216 1728
15232 1714
15249 1703
15265 1730
15281 1675
15298 1664
15314 1645
15331 1637
15347 1623
15364 1608
15380 1589
15396 1580
15413 1563
15429 1551
15446 1535
15462 1520
15478 1509
15495 1500
15511 1475
15528 1467
15544 1447
15560 1438
15577 1420
15593 1403
15609 1393
15626 1378
15642 1359
15659 1353
15675 1337
15691 1364
15708 1303
15724 1294
15741 1241
15757 1270
15773 1253
15790 1244
15806 1229
15823 1219
15839 1220
15855 1190
15872 1174
15888 1159
15905 1155
15921 1141
15937 1127
15954 1122
15970 1110
15987 1101
16003 1087
16019 1075
16036 1067
16052 1059
16068 1052
16085 1040
16101 1027
16118 1024
16134 1012
16150 1006
16167 1007
16183 992
16200 985
16216 979
16232 976
16249 971
16265 928
16282 951
16298 950
16314 948
16331 943
16347 939
16364 946
16380 935
16396 931
16413 936
16429 924
16446 923
16462 922
16478 922
16495 918
16511 920
16527 920
16544 916
16560 924
16577 923
16593 921
16609 923
16626 929
16642 932
16659 935
16675 937
16691 940
16708 944
16724 948
16741 949
16757 957
16773 959
16790 975
16806 974
16823 979
16839 976
16855 993
16872 1002
16888 1002
16905 1014
16921 1024
16937 1036
16954 1041
16970 1045
16986 1059
17003 1065
17019 1079
17036 1086
17052 1095
17068 1107
17085 1115
17101 1125
17118 1137
17134 1149
17150 1162
17167 1165
17183 1179
17200 1192
17216 1205
17232 1212
17249 1227
17265 1185
17282 1254
17298 1263
17314 1271
17331 1285
17347 1297
17364 1321
17380 1326
17396 1333
17413 1351
17429 1361
17446 1375
17462 1387
17478 1397
17495 1413
17511 1428
17528 1437
17544 1448
17560 1461
17577 1479
17593 1486
17610 1502
17626 1514
17642 1523
17659 1537
17675 1550
17692 1606
17708 1572
17724 1585
17741 1580
17757 1608
17773 1619
17790 1638
17806 1639
17823 1653
17839 1664
17855 1673
17872 1681
17888 1691
17905 1701
17921 1715
17937 1716
17954 1730
17970 1738
17987 1747
18003 1756
18019 1764
18036 1772
18052 1779
18069 1786
18085 1794
18101 1800
18118 1807
18134 1811
18151 1818
18167 1824
18183 1829
18200 1833
18216 1802
18232 1845
18249 1850
18265 1891
18282 1856
18298 1861
18314 1862
18331 1862
18347 1863
18364 1869
18380 1872
18396 1869
18413 1876
18429 1874
18446 1876
18462 1881
18478 1878
18495 1870
18511 1873
18528 1871
18544 1870
18560 1869
18577 1865
18593 1864
18610 1862
18626 1857
18642 1859
18659 1851
18675 1850
18692 1862
18708 1839
18724 1836
18741 1853
18757 1826
18773 1818
18790 1808
18806 1807
18823 1800
18839 1796
18855 1785
18872 1781
18888 1764
18905 1762
18921 1760
18937 1767
18954 1742
18970 1735
18987 1723
19003 1716
19019 1709
19036 1700
19052 1690
19069 1679
19085 1668
19101 1661
19118 1650
19134 1643
19151 1630
19167 1620
19183 1611
19200 1601
19216 1586
19232 1576
19249 1567
19265 1624
19282 1547
19298 1534
19314 1528
19331 1513
19347 1500
19364 1487
19380 1481
19396 1467
19413 1457
19429 1446
19446 1436
19462 1446
19478 1413
19495 1405
19511 1393
19528 1383
19544 1370
19560 1357
19577 1351
19593 1336
19610 1329
19626 1316
19642 1307
19659 1293
19675 1286
19692 1283
19708 1267
19724 1257
19741 1244
19757 1237
19773 1228
19790 1212
19806 1208
19823 1206
19839 1193
19855 1184
19872 1173
19888 1162
19905 1158
19921 1155
19937 1142
19954 1136
19970 1128
19987 1146
20003 1113
20019 1109
20036 1104
20052 1099
20069 1092
20085 1086
20101 1081
20118 1081
20134 1069
20151 1068
20167 1064
20183 1058
20200 1055
20216 1034
20232 1046
20249 1048
20265 1021
20282 1052
20298 1042
20314 1039
20331 1034
20347 1033
20364 1085
20380 1048
20396 1033
20413 1028
20429 1031
20446 1034
20462 1039
20478 1033
20495 1036
20511 1035
20528 1043
20544 1044
20560 1045
20577 1048
20593 1052
20610 1053
20626 1061
20642 1055
20659 1066
20675 1067
20692 1078
20708 1080
20724 1085
20741 1125
20757 1093
20773 1097
20790 1072
20806 1108
20823 1112
20839 1124
20855 1133
20872 1137
20888 1144
20905 1150
20921 1159
20937 1168
20954 1173
20970 1181
20987 1190
21003 1197
21019 1207
21036 1216
21052 1223
21069 1231
21085 1242
21101 1248
21118 1259
21134 1264
21151 1275
21167 1285
21183 1296
21200 1299
21216 1305
21232 1323
21249 1333
21265 1296
21282 1354
21298 1363
21314 1370
21331 1382
21347 1394
21364 1423
21380 1412
21396 1422
21413 1436
21429 1440
21446 1457
21462 1467
21478 1469
21495 1480
21511 1490
21528 1500
21544 1504
21560 1517
21577 1518
21593 1535
21610 1542
21626 1550
21642 1565
21659 1573
21675 1576
21692 1583
21708 1595
21724 1605
21741 1589
21757 1624
21773 1626
21790 1676
21806 1641
21823 1652
21839 1659
21855 1664
21872 1671
21888 1666
21905 1684
21921 1690
21937 1696
21954 1705
21970 1708
21987 1732
22003 1715
22019 1723
22036 1731
22052 1734
22069 1738
22085 1742
22101 1743
22118 1750
22134 1754
22151 1758
22167 1757
22183 1759
22200 1767
22216 1748
22232 1768
22249 1769
22265 1747
22282 1775
22298 1776
22314 1775
22331 1772
22347 1777
22364 1806
22380 1774
22396 1776
22413 1787
22429 1780
22446 1775
22462 1767
22478 1768
22495 1770
22511 1766
22528 1765
22544 1759
22560 1754
22577 1758
22593 1753
22610 1747
22626 1744
22642 1738
22659 1740
22675 1729
22692 1728
22708 1722
22724 1715
22741 1701
22757 1705
22773 1699
22790 1756
22806 1690
22823 1682
22839 1669
22855 1669
22872 1662
22888 1656
22905 1646
22921 1643
22937 1632
22954 1623
22970 1619
22987 1614
23003 1601
23019 1594
23036 1586
23052 1579
23069 1572
23085 1561
23101 1550
23118 1546
23134 1538
23151 1530
23167 1517
23183 1511
23200 1501
23216 1576
23232 1484
23249 1470
23265 1435
23282 1460
23298 1449
23314 1441
23331 1431
23347 1425
23364 1385
23380 1405
23396 1399
23413 1379
23429 1378
23446 1369
23462 1364
23478 1349
23495 1344
23511 1335
23528 1328
23544 1315
23560 1310
23577 1301
23593 1300
23610 1286
23626 1274
23642 1267
23659 1265
23675 1256
23692 1249
23708 1239
23724 1237
23741 1226
23757 1222
23773 1211
23790 1248
23806 1200
23823 1198
23839 1181
23855 1183
23872 1184
23888 1170
23905 1170
23921 1162
23937 1158
23954 1157
23970 1152
23987 1155
24003 1140
24019 1141
24036 1139
24052 1134
24069 1126
24085 1127
24101 1123
24118 1125
24134 1119
24151 1118
24167 1116
24183 1112
24200 1116
24216 1110
24232 1106
24249 1111
24265 1076
24282 1108
24298 1105
24314 1107
24331 1109
24347 1111
24364 1106
24380 1122
24396 1115
24413 1111
24429 1115
24446 1116
24462 1116
24478 1123
24495 1127
24511 1128
24528 1131
24544 1138
24560 1140
24577 1140
24593 1139
24610 1148
24626 1153
24642 1158
24659 1157
24675 1166
24692 1176
24708 1175
24724 1178
24741 1182
24757 1195
24773 1199
24790 1173
24806 1338
24823 1413
24839 1588
24855 1500
24872 1520
24888 1535
24905 1566
24921 1579
24937 1586
24954 1597
24970 1615
24987 1623
25003 1631
25019 1639
25036 1647
25052 1658
25069 1661
25085 1665
25101 1674
25118 1682
25134 1686
25151 1686
25167 1693
25183 1697
25200 1703
25216 1707
25232 1706
25249 1711
25265 1716
25282 1718
25298 1717
25314 1719
25331 1719
25347 1724
25364 1751
25380 1724
25396 1726
25413 1719
25429 1729
25446 1727
25462 1728
25478 1721
25495 1730
25511 1726
25528 1724
25544 1722
25560 1721
25577 1728
25593 1723
25610 1714
25626 1714
25642 1713
25659 1715
25675 1713
25692 1705
25708 1701
25724 1701
25741 1680
25757 1690
25773 1693
25790 1673
25806 1683
25823 1684
25839 1717
25855 1675
25872 1672
25888 1667
25905 1667
25921 1661
25937 1648
25954 1652
25970 1648
25987 1652
26003 1647
26019 1639
26036 1635
26052 1633
26069 1628
26085 1631
26101 1623
26118 1620
26134 1615
26151 1615
26167 1613
26183 1611
26200 1606
26216 1655
26232 1600
26249 1600
26265 1602
26282 1599
26298 1593
26314 1590
26331 1589
26347 1592
26364 1666
26380 1588
26396 1587
26413 1600
26429 1582
26446 1580
26462 1583
26478 1581
26495 1579
26511 1576
26528 1576
26544 1576
26560 1579
26577 1573
26593 1576
26610 1572
26626 1577
26642 1573
26659 1571
26675 1568
26692 1576
26708 1570
26724 1568
26741 1541
26757 1568
26773 1567
26790 1528
26806 1568
26823 1564
26839 1563
26855 1566
26872 1563
26888 1564
26905 1569
26921 1562
26937 1567
26954 1562
26970 1561
26987 1556
27003 1559
27019 1560
27036 1560
27052 1562
27069 1558
27085 1557
27101 1560
27118 1556
27134 1556
27151 1555
27167 1552
27183 1556
27200 1555
27216 1585
27232 1552
27249 1553
27265 1547
27282 1553
27298 1551
27314 1556
27331 1552
27347 1547
27364 1613
27380 1552
27396 1548
27413 1553
27429 1547
27446 1549
27462 1545
27478 1548
27495 1548
27511 1547
27528 1547
27544 1544
27560 1546
27577 1547
27593 1548
27610 1543
27626 1542
27642 1542
27659 1546
27675 1542
27692 1537
27708 1547
27724 1545
27741 1544
27757 1544
27773 1541
27790 1491
27806 1539
27823 1537
27839 1538
27855 1542
27872 1540
27888 1541
27905 1538
27921 1542
27937 1536
27954 1540
27970 1536
27987 1535
28003 1537
28019 1537
28036 1535
28052 1538
28069 1537
28085 1538
28101 1536
28118 1533
28134 1534
28151 1536
28167 1532
28183 1537
28200 1535
28216 1505
28232 1530
28249 1535
28265 1561
28282 1533
28298 1531
28314 1531
28331 1532
28347 1532
28364 1545
28380 1530
28396 1531
28413 1532
28429 1532
28446 1586
28462 1533
28478 1528
28495 1520
28511 1532
28528 1527
28544 1511
28560 1531
28577 1524
28593 1529
28610 1527
28626 1528
28642 1530
28659 1524
28675 1528
28692 1536
28708 1524
28724 1525
28741 1526
28757 1527
28773 1523
28790 1523
28806 1524
28823 1526
28839 1524
28855 1524
28872 1522
28888 1526
28905 1525
28921 1536
28937 1524
28954 1522
28970 1461
28987 1520
29003 1522
29019 1532
29036 1521
29052 1521
29069 1530
29085 1522
29101 1520
29118 1519
29134 1521
29151 1522
29167 1517
29183 1522
29200 1520
29216 1518
29232 1518
29249 1518
29265 1518
29282 1520
29298 1519
29314 1516
29331 1516
29347 1518
29364 1504
29380 1519
29396 1519
29413 1522
29429 1517
29446 1517
29462 1521
29478 1516
29495 1516
29511 1524
29528 1515
29544 1512
29560 1517
29577 1511
29593 1515
29610 1512
29626 1515
29642 1513
29659 1513
29675 1515
29692 1516
29708 1510
29724 1514
29741 1509
29757 1519
29773 1515
29790 1485
29806 1511
29823 1513
29839 1586
29855 1514
29872 1510
29888 1517
29905 1512
29921 1514
29937 1512
29954 1512
29970 1512
29987 1503
30003 1512
30019 1509
30036 1510
30052 1512
30069 1511
30085 1511
30101 1508
30118 1511
30134 1510
30151 1512
30167 1504
30183 1510
30200 1507
30216 1512
30232 1508
30249 1509
30265 1502
30282 1508
30298 1504
30314 1507
30331 1507
30347 1510
30364 1502
30380 1500
30396 1508
30413 1525
30429 1507
30446 1503
30462 1500
30478 1508
30495 1508
30511 1508
30528 1503
30544 1506
30560 1506
30577 1505
30593 1508
30610 1506
30626 1505
30642 1505
30659 1506
30675 1507
30692 1501
30708 1503
30724 1504
30741 1451
30757 1508
30773 1501
30790 1526
30806 1503
30823 1505
30839 1591
30855 1502
30872 1502
30888 1502
30905 1504
30921 1505
30937 1500
30954 1503
30970 1503
30987 1499
31003 1495
31019 1501
31036 1500
31052 1501
31069 1504
31085 1503
31101 1499
31118 1500
31134 1503
31151 1502
31167 1503
31183 1494
31200 1503
31216 1495
31232 1500
31249 1501
31265 1450
31282 1501
31298 1504
31314 1500
31331 1501
31347 1497
31364 1481
31380 1502
31396 1500
31413 1495
31429 1499
31446 1497
31462 1508
31478 1499
31495 1503
31511 1509
31528 1499
31544 1507
31560 1497
31577 1498
31593 1497
31610 1498
31626 1498
31642 1504
31659 1496
31675 1496
31692 1499
31708 1500
31724 1493
31741 1429
31757 1497
31773 1499
31790 1460
31806 1498
31823 1499
31839 1529
31855 1499
31872 1498
31888 1497
31905 1498
31921 1497
31937 1483
31954 1499
31970 1498
31987 1492
32003 1496
32019 1494
32036 1494
32052 1500
32069 1497
32085 1495
32101 1498
32118 1495
32134 1492
32151 1495
32167 1501
32183 1494
32200 1493
32216 1493
32232 1491
32249 1496
32265 1480
32282 1493
32298 1493
32314 1498
32331 1493
32347 1491
32364 1513
32380 1493
32396 1497
32413 1483
32429 1494
32446 1492
32462 1487
32478 1498
32495 1493
32511 1485
32528 1494
32544 1493
32560 1492
32577 1492
32593 1493
32610 1491
32626 1496
32642 1492
32659 1496
32675 1492
32692 1491
32708 1493
32724 1495
32741 1529
32757 1488
32773 1492
32790 1506
32806 1495
32823 1492
32839 1484
32855 1495
32872 1495
32888 1494
32905 1488
32921 1494
32937 1498
32954 1491
32970 1491
32987 1486
33003 1491
33019 1494
33036 1494
33052 1493
33069 1488
33085 1493
33101 1485
33118 1492
33134 1494
33151 1492
33167 1492
33183 1492
33200 1490
33216 1492
33232 1489
33249 1490
33265 1487
33282 1490
33298 1490
33314 1489
33331 1491
33347 1489
33364 1487
33380 1492
33396 1491
33413 1483
33429 1488
33446 1488
33462 1486
33478 1489
33495 1488
33511 1501
33528 1492
33544 1491
33560 1489
33577 1488
33593 1484
33610 1488
