1.87 0.33 1434.62 28.15
20.68 8.88 1388.81 22.23
37.06 8.78 1344.50 23.74
53.50 8.67 1299.12 23.58
70.06 8.78 1258.25 23.72
86.18 8.75 1215.68 34.22
102.68 8.88 1167.43 25.08
119.18 9.01 1131.56 23.56
135.68 9.13 1091.12 24.80
152.06 9.05 1049.93 24.94
168.31 8.98 1005.87 24.41
184.87 9.10 968.37 22.44
201.18 9.01 931.25 20.96
217.56 8.91 891.37 20.70
234.12 9.04 855.50 20.73
250.31 8.98 820.06 19.35
266.93 9.09 784.06 19.30
283.25 9.00 746.81 22.33
299.56 8.90 716.87 18.45
316.06 9.06 682.06 18.62
332.37 8.97 656.31 23.28
348.93 9.08 621.00 17.00
365.31 8.99 592.93 14.75
381.56 8.91 565.43 15.23
398.12 9.05 539.06 14.07
414.37 8.97 512.06 13.06
430.93 9.08 492.50 19.63
447.43 8.96 465.37 10.72
463.62 8.89 442.93 13.42
480.18 9.03 419.43 14.48
496.50 8.94 396.87 23.04
512.87 9.09 380.68 12.60
529.43 8.96 365.06 9.82
545.62 8.90 346.12 13.99
562.25 9.01 335.62 7.17
578.50 8.94 326.62 18.51
594.93 9.07 311.87 10.04
611.43 8.96 297.06 7.22
627.68 8.88 286.18 13.79
644.43 8.96 280.43 4.96
660.62 8.91 270.31 12.16
676.93 8.81 270.87 8.29
693.62 8.91 263.50 7.07
709.68 8.89 261.25 7.26
726.37 8.96 259.50 5.43
743.00 8.88 259.50 5.11
759.31 8.80 259.93 5.34
776.00 8.88 262.37 6.59
792.06 8.85 263.62 6.74
808.56 9.00 270.18 7.72
825.12 8.84 274.81 6.70
841.62 8.74 283.00 6.66
858.25 8.82 290.18 29.99
874.31 8.80 300.00 8.04
890.81 8.94 308.18 10.41
907.31 8.80 317.93 20.19
923.68 8.71 331.56 24.77
940.18 8.82 346.56 10.51
956.50 8.72 354.68 19.30
972.87 8.91 374.56 29.06
989.37 8.76 392.43 14.03
1005.75 8.69 401.62 34.45
1022.25 8.81 428.12 14.72
1038.56 8.71 443.68 17.77
1054.93 8.90 464.87 15.27
1071.43 8.75 489.43 17.78
1087.75 8.69 508.62 14.42
1104.25 8.81 533.18 16.83
1120.62 8.96 551.62 17.31
1137.06 9.13 578.18 15.12
1153.56 8.98 602.81 28.82
1169.75 8.91 621.56 27.99
1186.31 9.06 649.56 18.42
1202.62 8.96 677.18 15.35
1219.06 9.13 701.81 19.25
1235.56 8.98 739.62 40.14
1251.81 8.90 757.68 16.84
1268.25 9.08 780.06 30.48
1284.68 8.94 818.93 23.90
1301.12 9.11 841.25 16.94
1317.56 8.98 868.12 17.76
1333.87 8.88 900.87 18.81
1350.37 9.05 930.93 19.29
1366.68 8.94 959.18 16.21
1383.18 9.09 987.12 19.28
1399.43 9.03 1019.43 18.82
1415.81 8.90 1045.37 19.25
1432.37 9.05 1076.25 18.41
1448.68 8.95 1103.37 19.27
1465.18 8.83 1135.50 17.88
1481.56 8.99 1164.50 19.11
1497.87 8.89 1191.50 21.07
1514.37 9.05 1225.68 17.29
1530.68 8.95 1254.31 17.48
1547.12 8.84 1281.37 22.59
1563.62 8.97 1313.31 17.81
1579.87 8.89 1337.68 19.26
1596.37 9.04 1368.62 18.61
1612.81 8.92 1394.93 18.81
1629.06 8.83 1423.81 17.65
1645.75 8.93 1455.81 21.93
1662.00 8.86 1477.75 16.42
1678.43 9.01 1510.81 29.27
1694.81 8.92 1533.43 14.72
1711.12 8.81 1556.12 15.51
1727.75 8.93 1585.00 19.52
1744.12 8.84 1607.18 13.14
1760.50 9.03 1631.18 14.91
1776.93 8.90 1656.50 20.40
1793.31 8.81 1678.06 15.58
1809.75 8.96 1700.43 12.32
1826.12 8.84 1720.31 12.56
1842.62 9.00 1745.12 18.04
1859.06 8.88 1756.43 24.79
1875.37 8.79 1782.00 10.64
1891.81 8.96 1801.18 9.84
1908.18 8.84 1825.50 22.52
1924.62 8.74 1836.18 16.41
1941.18 8.82 1852.93 14.05
1957.50 8.72 1871.25 11.28
1973.93 8.91 1882.62 19.08
1990.31 8.79 1900.87 7.46
2006.68 8.72 1916.06 8.05
2023.18 8.83 1928.25 8.35
2039.56 8.71 1940.87 6.80
2055.87 8.94 1951.81 6.44
2072.37 8.77 1965.68 15.30
2088.75 8.71 1969.81 13.00
2105.25 9.07 1978.62 6.33
2121.68 8.93 1988.18 11.15
2138.00 9.16 1994.12 10.44
2154.37 9.04 2001.43 13.24
2170.93 9.17 2008.68 9.73
2187.25 9.08 2021.68 26.43
2203.68 8.93 2018.43 4.90
2220.00 9.16 2026.81 22.41
2236.37 9.04 2024.68 5.49
2252.87 8.93 2031.31 13.83
2269.18 9.10 2025.43 12.63
2285.62 8.96 2024.56 17.41
2302.00 9.16 2028.62 7.35
2318.37 9.04 2025.68 7.67
2334.87 8.91 2026.62 6.23
2351.25 9.09 2022.81 5.35
2367.68 8.94 2022.50 13.56
2384.12 9.14 2018.81 11.53
2400.43 9.03 2017.00 23.94
2416.81 8.91 2005.31 10.41
2433.31 9.09 2001.68 19.70
2449.68 8.95 1989.37 14.93
2466.12 9.13 1994.06 33.21
2482.43 9.03 1978.75 9.71
2498.81 8.90 1970.56 19.64
2515.25 9.11 1962.25 8.68
2531.68 8.95 1951.50 11.42
2548.12 9.12 1941.75 7.09
2564.56 9.00 1930.43 9.50
2580.87 8.89 1922.50 17.52
2597.31 9.09 1904.43 19.40
2613.62 8.98 1894.93 10.49
2630.18 9.10 1879.62 13.16
2646.56 9.01 1872.31 23.12
2662.93 8.87 1860.87 20.69
2679.37 9.07 1841.37 12.33
2695.68 8.96 1824.81 12.37
2712.12 8.86 1812.75 11.66
2728.62 8.98 1798.43 11.66
2744.87 8.89 1783.06 11.34
2761.37 9.07 1767.75 12.65
2777.62 8.98 1750.68 11.26
2794.12 8.86 1734.93 12.74
2810.56 9.00 1723.43 19.64
2826.87 8.89 1701.93 13.48
2843.50 9.05 1680.12 25.67
2859.75 8.96 1668.18 12.46
2876.18 8.87 1652.06 10.12
2892.62 9.00 1629.93 16.32
2908.87 8.91 1613.75 17.21
2925.43 9.05 1596.06 14.75
2941.87 8.91 1581.31 12.18
2958.25 8.84 1563.25 13.65
2974.68 8.99 1545.18 13.91
2991.12 8.83 1528.43 12.63
3007.43 9.05 1513.75 23.01
3023.93 8.90 1493.87 19.81
3040.37 8.82 1477.06 11.16
3056.75 8.98 1457.75 15.71
3073.12 8.84 1442.56 18.44
3089.50 9.04 1426.25 11.23
3106.00 9.14 1412.18 23.75
3122.43 9.04 1391.62 10.75
3138.81 9.23 1375.93 14.18
3155.18 9.09 1358.18 12.50
3171.62 9.28 1348.25 13.16
3188.06 9.13 1326.87 10.76
3204.43 9.04 1310.06 10.55
3220.81 9.23 1298.56 5.35
3237.12 9.11 1280.87 12.45
3253.62 9.28 1267.12 10.54
3270.00 9.15 1256.43 16.78
3286.37 9.04 1236.18 10.98
3302.81 9.23 1224.12 9.59
3319.06 9.13 1209.31 11.22
3335.68 9.26 1196.25 8.84
3352.06 9.14 1184.81 9.10
3368.37 9.03 1171.81 10.61
3384.81 9.23 1157.00 13.99
3401.12 9.12 1151.62 14.80
3417.62 9.27 1131.81 19.77
3434.06 9.16 1133.00 20.48
3450.43 9.02 1116.50 8.84
3466.93 9.21 1110.37 11.21
3483.18 9.11 1098.06 10.29
3499.68 9.26 1085.31 13.35
3516.00 9.19 1076.87 9.87
3532.50 9.01 1069.87 17.11
3548.93 9.20 1064.87 6.66
3565.25 9.10 1057.37 5.62
3581.62 9.00 1054.50 14.93
3598.06 9.17 1044.37 25.38
3614.43 9.04 1040.31 5.96
3631.00 9.20 1030.81 16.54
3647.31 9.09 1034.93 21.43
3663.68 8.98 1025.18 4.99
3680.12 9.16 1009.62 47.35
3696.43 9.04 1021.12 15.59
3713.00 9.20 1013.31 12.58
3729.31 9.09 1012.81 3.45
3745.62 8.98 1009.62 7.38
3762.12 9.16 1016.50 22.69
3778.37 9.06 1010.87 5.32
3794.87 9.22 1009.31 10.36
3811.31 9.09 1006.68 11.80
3827.56 8.99 1008.37 7.41
3844.18 9.17 1009.43 4.87
3860.43 9.06 1012.25 4.93
3876.93 9.21 1015.25 4.31
3893.31 9.12 1017.25 5.09
3909.68 9.00 1019.50 9.64
3926.25 9.15 1023.62 5.81
3942.68 8.99 1026.43 6.85
3959.00 9.20 1032.75 11.96
3975.31 9.13 1031.00 15.09
3991.81 8.97 1041.62 5.46
4008.25 9.14 1041.75 13.27
4024.62 9.03 1049.93 6.66
4041.00 8.96 1051.75 13.69
4057.43 9.09 1065.68 10.16
4073.87 8.98 1069.31 8.18
4090.31 9.13 1075.00 7.28
4106.68 9.26 1081.50 10.89
4123.18 9.41 1088.25 11.58
4139.56 9.32 1096.56 9.47
4155.93 9.21 1103.25 13.83
4172.43 9.37 1116.25 10.73
4188.68 9.27 1123.43 10.05
4205.12 9.42 1132.93 7.53
4221.56 9.32 1138.93 4.45
4237.87 9.21 1151.50 9.44
4254.37 9.38 1156.81 14.11
4270.68 9.27 1170.81 9.30
4287.12 9.42 1175.93 17.22
4303.50 9.35 1190.81 11.33
4319.87 9.21 1195.81 17.40
4336.43 9.37 1208.37 15.88
4352.68 9.30 1220.87 9.03
4369.18 9.41 1221.12 35.43
4385.56 9.35 1239.56 11.34
4401.93 9.20 1251.06 9.21
4418.37 9.40 1260.25 13.24
4434.68 9.30 1274.00 9.14
4451.18 9.16 1283.93 9.37
4467.62 9.34 1295.06 9.91
4483.87 9.24 1304.31 10.49
4500.43 9.39 1314.75 12.41
4516.68 9.30 1329.37 9.51
4533.25 9.15 1338.12 8.63
4549.68 9.32 1347.00 12.26
4565.93 9.23 1357.25 13.40
4582.43 9.37 1372.43 10.74
4598.81 9.28 1381.62 11.40
4615.25 9.13 1386.43 24.19
4631.75 9.32 1402.62 9.77
4647.93 9.24 1411.00 10.07
4664.43 9.37 1423.43 7.68
4680.87 9.27 1433.12 23.65
4697.12 9.17 1444.75 16.88
4713.75 9.32 1447.00 18.80
4729.93 9.24 1463.87 19.06
4746.37 9.37 1472.50 11.87
4762.81 9.31 1481.75 7.93
4779.12 9.17 1488.25 6.50
4795.75 9.32 1495.68 15.05
4811.93 9.24 1507.31 6.79
4828.37 9.37 1515.06 9.75
4844.81 9.32 1515.18 29.08
4861.25 9.18 1530.75 6.64
4877.75 9.33 1539.75 8.50
4894.00 9.24 1544.87 5.42
4910.37 9.14 1550.43 9.76
4926.87 9.30 1559.93 6.00
4943.37 9.16 1565.62 8.61
4959.81 9.33 1573.00 13.52
4976.18 9.19 1569.93 27.06
4992.50 9.12 1586.00 13.84
5008.93 9.29 1581.93 29.75
5025.37 9.18 1595.81 9.57
5041.87 9.33 1601.00 6.00
5058.18 9.20 1606.43 7.88
5074.56 9.12 1613.31 5.24
5091.00 9.29 1613.25 6.70
5107.37 9.41 1619.25 4.75
5123.93 9.57 1621.43 6.61
5140.25 9.47 1629.37 13.87
5156.68 9.61 1626.37 12.31
5173.12 9.52 1640.37 36.18
5189.43 9.41 1640.93 27.51
5205.81 9.58 1637.37 5.01
5222.18 9.51 1640.12 4.83
5238.75 9.58 1640.81 4.85
5255.12 9.52 1643.18 14.13
5271.43 9.41 1644.12 5.41
5287.81 9.58 1638.50 19.16
5304.12 9.52 1644.81 5.34
5320.68 9.34 1638.81 14.01
5337.12 9.52 1648.25 14.17
5353.43 9.41 1645.06 6.02
5369.93 9.57 1636.68 24.92
5386.18 9.51 1643.50 11.64
5402.75 9.34 1641.43 4.39
5419.06 9.55 1640.25 9.94
5435.50 9.41 1638.31 5.69
5452.00 9.56 1639.75 11.51
5468.25 9.51 1634.56 8.11
5484.62 9.39 1635.31 10.55
5501.18 9.54 1630.18 6.84
5517.43 9.42 1626.68 5.63
5533.93 9.55 1623.87 4.89
5550.37 9.49 1619.31 33.29
5566.62 9.39 1621.68 26.95
5583.18 9.54 1611.56 7.17
5599.43 9.45 1607.12 7.57
5616.00 9.54 1605.68 8.68
5632.43 9.49 1604.62 13.13
5648.68 9.38 1602.56 19.53
5665.25 9.53 1596.93 16.75
5681.43 9.49 1582.50 10.15
5698.00 9.54 1582.75 6.92
5714.37 9.49 1577.31 6.63
5730.68 9.38 1573.18 9.11
5747.25 9.53 1575.06 32.89
5763.43 9.49 1556.37 15.45
5779.93 9.31 1555.75 6.36
5796.37 9.49 1553.62 18.07
5812.62 9.39 1542.62 13.99
5829.25 9.53 1536.25 9.39
5845.50 9.49 1532.68 19.93
5862.00 9.32 1529.62 10.78
5878.43 9.50 1521.93 8.58
5894.68 9.40 1512.50 12.43
5911.31 9.54 1505.62 12.39
5927.50 9.49 1502.37 7.54
5944.00 9.35 1493.62 11.09
5960.50 9.49 1488.93 6.27
5976.81 9.37 1484.31 7.72
5993.12 9.54 1475.68 6.91
6009.56 9.48 1472.75 12.14
6026.06 9.35 1462.62 8.40
6042.56 9.49 1456.25 7.22
6058.81 9.39 1450.31 7.23
6075.18 9.55 1446.00 10.06
6091.62 9.48 1438.93 7.35
6108.12 9.85 1430.75 6.59
6124.68 9.72 1425.18 12.25
6140.87 9.66 1422.62 29.84
6157.37 9.78 1415.56 7.54
6173.68 9.72 1399.00 37.06
6190.12 9.62 1403.43 15.37
6206.56 9.76 1386.06 17.95
6222.81 9.67 1388.12 6.59
6239.37 9.78 1383.81 11.76
6255.68 9.72 1378.68 21.47
6272.06 9.61 1371.18 6.15
6288.56 9.76 1367.25 7.31
6304.81 9.67 1360.81 7.73
6321.37 9.78 1356.93 27.64
6337.68 9.72 1350.68 6.52
6354.12 9.60 1346.43 6.84
6370.56 9.76 1347.00 19.13
6386.87 9.67 1335.93 5.27
6403.31 9.81 1331.12 7.39
6419.68 9.72 1324.75 14.42
6436.12 9.60 1327.43 17.80
6452.56 9.76 1319.50 4.89
6468.81 9.71 1317.25 14.29
6485.37 9.80 1302.06 26.93
6501.75 9.72 1308.00 4.44
6518.06 9.61 1301.75 9.27
6534.62 9.76 1307.87 30.74
6550.87 9.71 1299.31 6.53
6567.37 9.83 1294.68 6.93
6583.81 9.71 1295.18 20.53
6600.06 9.65 1288.68 5.65
6616.68 9.75 1286.68 5.00
6632.93 9.70 1283.56 23.21
6649.43 9.56 1284.62 8.89
6665.81 9.74 1279.18 4.83
6682.06 9.66 1280.75 6.97
6698.68 9.75 1278.68 6.56
6714.93 9.70 1273.93 7.85
6731.37 9.55 1275.00 4.06
6747.81 9.74 1271.06 5.24
6764.06 9.66 1272.56 4.27
6780.68 9.75 1271.81 4.41
6796.93 9.70 1270.31 21.63
6813.37 9.55 1270.37 4.74
6829.81 9.74 1272.68 14.56
6846.06 9.66 1273.43 9.69
6862.50 9.79 1271.37 5.27
6878.93 9.70 1274.43 10.70
6895.31 9.60 1268.81 11.94
6911.75 9.75 1278.43 24.80
6927.93 9.70 1271.62 4.79
6944.56 9.78 1272.68 6.97
6961.00 9.69 1277.81 18.32
6977.31 9.58 1275.50 5.20
6993.81 9.74 1277.43 4.70
7010.06 9.69 1277.75 5.33
7026.62 9.79 1284.00 13.19
7043.00 9.70 1282.87 4.71
7059.43 9.59 1286.50 6.51
7075.81 9.75 1282.37 32.20
7092.06 9.70 1290.18 5.92
7108.68 10.02 1290.50 6.55
7125.12 9.94 1296.43 18.64
7141.50 9.87 1296.12 5.52
7157.93 9.98 1295.06 14.21
7174.18 9.93 1300.93 11.32
7190.81 10.02 1305.18 5.01
7207.06 9.97 1307.31 6.94
7223.43 9.86 1316.75 18.21
7239.93 9.98 1315.62 10.34
7256.18 9.93 1318.18 6.41
7272.75 10.02 1320.43 4.92
7289.06 9.97 1324.62 6.81
7305.37 9.88 1329.43 5.60
7321.87 9.99 1335.25 18.37
7338.18 9.93 1339.31 12.41
7354.68 10.06 1337.56 14.49
7371.00 9.98 1349.31 30.49
7387.37 9.88 1346.93 7.20
7403.87 9.99 1343.56 24.97
7420.18 9.93 1357.25 8.97
7436.68 10.05 1354.93 11.24
7453.06 9.98 1365.06 12.29
7469.37 9.92 1364.81 16.68
7485.93 9.98 1370.43 9.01
7502.18 9.94 1373.31 5.03
7518.62 9.82 1378.87 6.41
7535.12 9.98 1380.31 8.98
7551.37 9.93 1385.06 6.56
7568.00 9.98 1390.12 7.01
7584.31 9.93 1393.87 5.24
7600.62 9.87 1396.43 7.60
7617.18 9.98 1402.43 6.20
7633.43 9.93 1406.56 7.15
7650.06 10.02 1412.12 12.28
7666.31 9.97 1413.00 4.09
7682.62 9.86 1418.68 6.23
7699.18 9.98 1420.87 4.97
7715.37 9.93 1433.43 24.05
7731.93 10.01 1427.93 4.90
7748.31 9.97 1430.12 13.38
7764.56 9.88 1432.81 8.70
7781.18 9.98 1439.50 5.29
7797.37 9.93 1442.56 5.58
7813.87 10.05 1445.31 7.61
7830.31 9.97 1448.81 4.49
7846.56 9.88 1452.68 5.06
7863.18 9.98 1457.31 14.64
7879.37 9.93 1458.37 4.26
7895.87 10.05 1457.56 14.32
7912.25 9.97 1456.25 33.92
7928.50 9.92 1465.00 9.05
7945.18 9.98 1471.93 13.88
7961.43 9.93 1466.87 26.43
7977.81 9.82 1484.56 39.01
7994.31 9.97 1472.93 37.51
8010.56 9.92 1481.75 15.74
8027.18 9.98 1482.62 8.17
8043.50 9.94 1483.00 4.60
8059.81 9.82 1482.87 5.32
8076.37 9.97 1489.12 10.11
8092.62 9.93 1489.50 4.57
8109.18 10.25 1488.25 15.86
8125.62 10.17 1491.50 4.82
8141.93 10.33 1492.12 5.85
8158.37 10.21 1491.50 10.58
8174.68 10.17 1492.62 16.56
8191.18 10.25 1494.43 8.97
8207.62 10.17 1500.93 15.26
8223.93 10.33 1499.75 4.21
8240.37 10.21 1499.31 5.70
8256.68 10.17 1499.50 6.46
8273.12 10.29 1507.50 18.19
8289.56 10.21 1502.68 5.05
8305.87 10.35 1502.81 4.80
8322.37 10.21 1506.12 11.65
8338.68 10.17 1500.25 5.31
8355.12 10.29 1506.18 13.85
8371.50 10.21 1494.37 24.99
8387.81 10.12 1496.06 16.77
8404.31 10.21 1502.43 3.86
8420.62 10.17 1502.37 4.74
8437.12 10.29 1501.68 17.72
8453.56 10.21 1502.06 4.28
8469.81 10.17 1502.37 6.21
8486.43 10.22 1497.87 9.19
8502.68 10.18 1501.31 6.43
8519.12 10.29 1497.06 6.68
8535.68 10.22 1500.50 16.89
8551.87 10.17 1492.62 16.00
8568.50 10.22 1495.25 4.05
8584.75 10.18 1492.87 27.41
8601.06 10.33 1494.18 5.66
8617.62 10.23 1492.18 19.72
8633.93 10.17 1493.56 14.48
8650.50 10.27 1490.50 13.66
8666.81 10.19 1486.37 15.83
8683.12 10.34 1485.93 8.60
8699.62 10.23 1483.43 5.22
8715.87 10.18 1484.56 8.42
8732.43 10.26 1479.50 8.12
8748.75 10.22 1482.93 13.13
8765.06 10.36 1476.06 5.75
8781.56 10.23 1470.81 17.00
8797.87 10.18 1470.75 8.96
8814.43 10.26 1470.18 5.63
8830.81 10.19 1469.06 4.09
8847.00 10.13 1466.56 5.35
8863.56 10.23 1464.68 6.47
8879.81 10.19 1455.81 26.45
8896.43 10.26 1459.93 4.48
8912.81 10.19 1460.62 8.28
8928.93 10.17 1455.81 6.24
8945.62 10.23 1452.87 5.45
8961.93 10.19 1453.87 21.62
8978.50 10.26 1449.56 5.79
8994.87 10.18 1448.43 4.01
9011.00 10.18 1444.62 5.90
9027.62 10.23 1438.93 9.92
9043.93 10.19 1439.37 4.31
9060.31 10.29 1435.06 7.85
9076.81 10.22 1423.25 38.27
9093.00 10.18 1432.50 5.80
9109.62 10.50 1426.43 11.52
9126.06 10.42 1427.50 5.74
9142.43 10.59 1429.75 20.47
9158.87 10.47 1427.50 18.81
9175.12 10.65 1421.87 6.38
9191.62 10.50 1419.93 9.52
9208.06 10.42 1420.18 17.22
9224.37 10.59 1416.68 6.27
9240.81 10.47 1412.81 4.10
9257.06 10.42 1411.68 7.30
9273.62 10.50 1411.56 10.45
9290.00 10.42 1404.62 4.81
9306.37 10.59 1403.00 4.17
9322.81 10.47 1406.18 16.27
9339.06 10.42 1398.62 6.59
9355.62 10.50 1395.81 7.26
9372.00 10.42 1390.31 23.91
9388.25 10.60 1393.12 9.66
9404.75 10.47 1393.93 5.06
9421.06 10.42 1390.87 4.87
9437.68 10.51 1390.25 7.12
9454.06 10.43 1387.12 4.54
9470.25 10.65 1384.75 5.46
9486.75 10.47 1394.68 31.88
9503.12 10.43 1380.68 5.22
9519.56 10.55 1381.37 5.02
9536.06 10.48 1378.93 5.33
9552.31 10.66 1379.62 5.07
9568.87 10.48 1377.81 6.43
9585.18 10.44 1373.06 10.62
9601.56 10.60 1371.93 13.57
9618.06 10.50 1367.68 29.55
9634.37 10.66 1376.37 13.76
9650.81 10.52 1373.62 7.17
9667.25 10.45 1374.50 12.27
9683.62 10.62 1367.75 9.63
9700.06 10.50 1370.00 5.16
9716.31 10.44 1369.87 11.40
9732.81 10.52 1365.87 7.03
9749.18 10.45 1366.87 4.53
9765.62 10.62 1368.93 5.67
9782.06 10.50 1370.81 14.84
9798.25 10.45 1367.37 6.31
9814.81 10.52 1366.62 5.97
9831.18 10.45 1365.18 6.40
9847.50 10.63 1367.87 6.66
9864.00 10.50 1366.75 5.13
9880.25 10.45 1364.56 13.09
9896.81 10.52 1369.43 10.23
9913.18 10.45 1364.68 4.52
9929.43 10.64 1365.25 5.72
9945.93 10.49 1364.62 6.56
9962.25 10.45 1366.56 10.85
9978.81 10.52 1363.56 9.81
9995.18 10.49 1369.06 8.21
10011.43 10.64 1366.50 5.14
10027.93 10.49 1363.50 11.61
10044.25 10.45 1367.18 5.76
10060.75 10.57 1370.93 6.26
10077.12 10.49 1372.68 10.79
10093.43 10.64 1372.18 5.32
10109.87 10.75 1366.87 21.06
10126.37 10.69 1369.31 9.99
10142.81 10.86 1374.12 5.35
10159.18 10.74 1370.00 10.59
10175.56 10.92 1378.43 8.88
10191.93 10.77 1375.37 15.78
10208.37 10.69 1380.56 18.45
10224.75 10.86 1378.25 5.64
10241.18 10.74 1378.25 10.21
10257.43 10.91 1382.31 8.67
10273.93 10.77 1382.37 4.77
10290.37 10.69 1380.25 14.76
10306.75 10.86 1391.62 18.36
10323.18 10.74 1385.43 5.21
10339.50 10.90 1389.43 5.21
10355.93 10.77 1393.12 29.57
10372.37 10.69 1389.50 4.97
10388.68 10.85 1389.50 6.23
10405.06 10.73 1392.56 5.02
10421.50 10.90 1395.50 5.37
10437.93 10.77 1398.25 19.37
10454.31 10.73 1398.43 5.35
10470.62 10.90 1398.50 4.58
10487.12 10.74 1393.93 19.97
10503.50 10.90 1400.68 9.16
10519.87 10.81 1403.00 4.68
10536.31 10.74 1412.93 30.38
10552.68 10.91 1404.43 16.30
10569.12 10.75 1406.75 5.07
10585.43 10.70 1406.43 8.03
10601.87 10.87 1408.81 9.98
10618.31 10.77 1411.25 5.31
10634.75 10.96 1412.18 6.88
10651.12 10.80 1418.75 12.36
10667.50 10.71 1415.81 9.36
10683.87 10.88 1411.81 14.72
10700.31 10.77 1419.18 4.71
10716.68 10.94 1419.37 7.66
10733.12 10.80 1423.06 9.23
10749.50 10.71 1422.37 7.92
10765.87 10.88 1422.93 8.55
10782.31 10.77 1426.12 4.39
10798.62 10.92 1426.06 5.69
10815.12 10.80 1428.68 8.58
10831.50 10.71 1430.37 4.97
10847.87 10.88 1431.00 12.86
10864.25 10.77 1432.06 4.22
10880.62 10.92 1428.81 12.34
10897.12 10.80 1435.62 5.12
10913.50 10.71 1435.25 5.19
10929.81 10.93 1434.62 6.87
10946.25 10.77 1435.75 11.43
10962.62 10.92 1436.31 7.45
10979.06 10.79 1436.87 8.63
10995.50 10.71 1437.56 7.94
11011.81 10.93 1437.93 14.10
11028.18 10.76 1443.87 20.95
11044.50 10.71 1443.06 3.75
11061.00 10.83 1446.31 14.26
11077.43 10.71 1434.00 20.54
11093.75 10.96 1444.87 4.07
11110.18 11.03 1450.31 20.44
11126.62 11.16 1443.18 13.92
11143.00 11.11 1448.18 5.98
11159.43 10.95 1443.25 16.23
11175.81 11.18 1441.93 14.88
11192.18 11.03 1448.93 17.34
11208.62 11.16 1446.56 12.03
11225.00 11.11 1449.12 5.50
11241.37 10.99 1451.50 6.51
11257.68 11.15 1451.81 7.84
11274.18 11.03 1449.00 14.05
11290.62 11.16 1452.50 5.39
11306.93 11.11 1449.06 7.54
11323.37 10.99 1451.00 6.95
11339.68 11.15 1450.75 4.79
11356.18 11.03 1450.68 10.12
11372.56 10.94 1448.68 31.63
11388.93 11.11 1451.37 4.95
11405.37 10.99 1454.37 12.23
11421.68 11.15 1452.56 13.01
11438.12 11.01 1452.62 13.80
11454.56 10.94 1451.25 5.30
11470.87 11.16 1451.18 5.39
11487.31 10.99 1451.37 15.93
11503.62 11.16 1450.43 3.67
11520.06 11.06 1450.87 6.37
11536.56 10.95 1456.12 22.74
11552.87 11.20 1453.93 13.67
11569.37 11.01 1450.12 4.81
11585.68 11.18 1450.93 7.07
11602.12 11.14 1447.75 12.14
11618.56 10.99 1446.50 23.37
11634.93 11.22 1447.68 3.82
11651.37 11.07 1455.50 18.31
11667.75 11.19 1447.06 4.10
11684.18 11.16 1447.00 16.37
11700.50 11.03 1443.87 7.42
11716.87 11.20 1446.75 3.53
11733.37 11.07 1445.50 4.99
11749.75 11.19 1437.75 18.67
11766.12 11.16 1442.25 4.84
11782.50 11.03 1443.56 7.01
11798.87 11.20 1442.93 4.42
11815.31 11.06 1441.06 6.22
11831.68 10.97 1441.62 5.35
11848.12 11.14 1439.12 10.55
11864.50 11.03 1438.18 4.76
11880.87 11.20 1441.93 6.58
11897.31 11.06 1434.12 9.82
11913.68 10.97 1437.75 5.08
11930.06 11.19 1436.62 5.09
11946.43 11.03 1439.00 19.01
11962.81 11.21 1432.75 13.98
11979.31 11.06 1432.93 16.95
11995.68 10.97 1432.43 10.13
12012.06 11.19 1434.43 18.28
12028.50 11.03 1430.62 6.39
12044.75 11.19 1431.06 4.55
12061.25 11.11 1433.37 16.47
12077.68 10.97 1426.56 10.75
12094.00 11.19 1426.93 5.75
12110.50 11.30 1425.93 6.41
12126.81 11.42 1427.12 6.69
12143.25 11.38 1427.31 5.41
12159.75 11.44 1426.68 8.36
12176.06 11.41 1425.43 16.85
12192.50 11.30 1430.00 15.74
12208.81 11.42 1426.25 15.54
12225.25 11.38 1424.81 12.94
12241.62 11.25 1426.56 19.74
12258.06 11.41 1421.56 7.14
12274.37 11.29 1415.18 16.39
12290.81 11.42 1420.43 17.76
12307.18 11.36 1418.93 11.57
12323.56 11.25 1416.56 3.53
12340.00 11.44 1416.62 4.96
12356.37 11.29 1412.62 10.18
12372.81 11.42 1418.50 12.13
12389.18 11.36 1414.62 7.49
12405.56 11.25 1414.00 9.13
12422.00 11.44 1411.25 7.71
12438.37 11.29 1415.12 10.80
12454.81 11.42 1411.37 7.41
12471.12 11.41 1408.43 9.36
12487.56 11.25 1404.37 23.32
12503.87 11.41 1414.37 11.36
12520.31 11.33 1408.56 5.59
12536.87 11.44 1409.00 4.20
12553.18 11.46 1408.00 8.40
12569.62 11.27 1407.56 4.37
12585.93 11.42 1406.25 7.15
12602.31 11.40 1403.18 10.09
12618.81 11.46 1404.12 11.30
12635.18 11.46 1405.93 5.47
12651.56 11.32 1406.25 13.59
12668.00 11.44 1400.62 11.31
12684.31 11.40 1401.81 16.50
12700.68 11.27 1403.62 4.62
12717.12 11.43 1405.25 23.41
12733.50 11.32 1407.62 25.01
12749.87 11.44 1404.56 9.62
12766.31 11.40 1401.37 15.38
12782.62 11.27 1402.25 4.70
12799.06 11.46 1402.00 8.01
12815.43 11.31 1398.87 11.91
12831.87 11.44 1411.00 35.50
12848.31 11.40 1403.62 6.50
12864.62 11.27 1402.56 6.60
12881.06 11.46 1399.37 8.63
12897.43 11.31 1401.75 15.28
12913.87 11.44 1402.43 9.11
12930.25 11.45 1401.68 5.19
12946.62 11.27 1397.00 13.17
12963.00 11.44 1399.50 8.28
12979.43 11.31 1410.31 27.76
12995.87 11.44 1396.50 25.38
13012.18 11.46 1402.87 8.27
13028.62 11.27 1403.00 8.12
13045.00 11.44 1401.75 4.29
13061.37 11.36 1400.87 5.28
13077.87 11.44 1406.37 8.50
13094.18 11.46 1402.18 4.22
13110.56 11.32 1402.43 7.02
13127.00 11.44 1399.87 7.96
13143.31 11.40 1400.25 15.56
13159.81 11.46 1404.18 7.05
13176.12 11.43 1402.12 7.65
13192.50 11.32 1408.06 20.65
13208.87 11.44 1404.50 4.03
13225.31 11.40 1405.31 4.95
13241.68 11.27 1408.62 7.15
13258.12 11.43 1408.43 16.43
13274.43 11.31 1399.50 21.21
13290.87 11.44 1403.87 14.95
13307.31 11.40 1414.56 34.15
13323.62 11.27 1410.00 9.56
13340.06 11.46 1408.43 8.67
13356.43 11.31 1412.25 15.59
13372.87 11.44 1407.93 7.74
13389.31 11.40 1409.43 5.83
13405.62 11.27 1406.50 8.19
13422.06 11.46 1408.25 12.36
13438.43 11.31 1412.93 19.04
13454.87 11.44 1410.75 3.88
13471.18 11.46 1409.93 12.00
13487.62 11.27 1418.37 22.38
13504.00 11.44 1412.25 11.80
13520.37 11.36 1414.93 7.45
13536.93 11.46 1414.00 5.43
13553.25 11.49 1412.31 10.06
13569.68 11.30 1415.00 4.72
13586.06 11.47 1417.62 7.34
13602.37 11.43 1418.37 16.00
13618.87 11.48 1419.43 9.86
13635.25 11.49 1418.75 4.42
13651.56 11.35 1420.75 13.46
13668.06 11.47 1417.93 5.62
13684.37 11.43 1426.81 19.64
13700.75 11.30 1417.25 9.31
13717.25 11.49 1421.37 6.67
13733.56 11.35 1429.18 14.16
13749.93 11.46 1429.56 28.06
13766.37 11.43 1424.12 18.60
13782.68 11.30 1426.68 11.92
13799.18 11.51 1423.87 8.70
13815.56 11.35 1425.68 9.55
13831.93 11.46 1425.31 7.70
13848.37 11.43 1422.25 12.91
13864.68 11.30 1424.00 7.26
13881.18 11.51 1425.43 6.95
13897.50 11.34 1433.00 37.32
13913.93 11.46 1426.50 6.12
13930.31 11.48 1427.87 5.33
13946.68 11.30 1418.93 23.20
13963.06 11.47 1426.81 5.14
13979.50 11.34 1427.62 5.21
13995.93 11.46 1425.06 13.58
14012.31 11.48 1430.62 17.66
14028.68 11.30 1429.06 4.71
14045.06 11.47 1429.93 6.33
14061.43 11.38 1433.68 11.97
14077.93 11.46 1432.06 8.89
14094.31 11.48 1429.43 5.49
14110.62 11.35 1423.18 20.89
14127.06 11.47 1433.25 8.54
14143.37 11.43 1436.18 20.28
14159.87 11.48 1436.00 13.73
14176.31 11.48 1434.37 13.69
14192.62 11.35 1434.62 13.40
14208.93 11.46 1432.06 9.88
14225.37 11.43 1435.31 14.61
14241.81 11.52 1433.00 4.85
14258.25 11.49 1435.25 13.48
14274.62 11.35 1433.50 10.20
14290.93 11.46 1434.06 20.68
14307.37 11.43 1442.31 30.01
14323.81 11.52 1435.87 12.42
14340.18 11.51 1433.25 5.58
14356.56 11.34 1428.75 13.61
14372.93 11.46 1432.75 5.45
14389.37 11.43 1429.68 11.87
14405.75 11.52 1430.31 9.83
14422.12 11.48 1436.56 11.40
14438.56 11.35 1431.31 12.63
14454.93 11.46 1434.50 6.48
14471.31 11.48 1432.18 7.01
14487.68 11.30 1425.93 21.38
14504.12 11.48 1433.50 4.56
14520.50 11.39 1433.06 4.32
14536.93 11.46 1432.62 4.72
14553.31 11.48 1429.12 13.60
14569.68 11.30 1432.56 5.53
14586.12 11.50 1430.93 10.63
14602.43 11.44 1438.50 15.28
14618.87 11.48 1430.56 7.03
14635.31 11.48 1428.50 14.15
14651.62 11.35 1437.25 13.38
14668.06 11.47 1433.56 5.33
14684.37 11.43 1434.12 10.14
14700.81 11.52 1428.75 8.25
14717.25 11.49 1427.87 10.70
14733.62 11.35 1433.87 13.65
14750.00 11.48 1433.00 7.15
14766.37 11.43 1424.56 18.70
14782.81 11.52 1430.81 5.27
14799.18 11.51 1432.68 15.13
14815.62 11.35 1430.00 11.52
14832.00 11.48 1429.00 9.38
14848.37 11.43 1429.62 8.63
14864.75 11.52 1433.62 15.53
14881.18 11.51 1432.25 8.76
14897.56 11.35 1431.68 30.37
14914.00 11.48 1430.00 4.30
14930.31 11.48 1429.50 4.78
14946.75 11.30 1430.62 10.16
14963.18 11.51 1427.93 7.21
14979.56 11.35 1427.62 6.56
14995.93 11.46 1431.81 13.13
15012.31 11.48 1442.06 39.29
15028.75 11.30 1428.18 5.50
15045.12 11.50 1426.06 4.45
15061.50 11.39 1427.43 7.40
15077.93 11.46 1425.43 12.83
15094.31 11.48 1425.68 3.77
15110.68 11.34 1418.68 18.94
15127.12 11.48 1426.12 5.38
15143.37 11.43 1425.12 4.91
15159.87 11.48 1420.56 14.43
15176.31 11.48 1428.31 14.13
15192.62 11.35 1424.62 4.44
15209.06 11.50 1426.25 7.41
15225.37 11.43 1422.31 9.68
15241.81 11.52 1423.56 5.21
15258.25 11.49 1424.81 5.27
15274.62 11.35 1422.25 5.96
15291.06 11.50 1417.43 17.91
15307.37 11.43 1423.18 6.95
15323.81 11.52 1426.43 16.09
15340.18 11.51 1421.50 5.22
15356.62 11.35 1422.81 5.19
15373.00 11.48 1424.12 7.10
15389.37 11.43 1418.62 21.42
15405.81 11.52 1421.06 5.59
15422.18 11.51 1419.18 9.62
15438.56 11.35 1423.43 11.76
15454.93 11.46 1420.87 3.44
15471.31 11.48 1420.37 10.02
15487.75 11.30 1418.12 5.96
15504.18 11.51 1420.68 4.67
15520.50 11.39 1417.93 4.67
15536.93 11.46 1419.75 8.33
15553.31 11.48 1416.68 6.20
15569.75 11.30 1418.37 5.90
15586.18 11.51 1422.81 17.69
15602.37 11.43 1413.87 28.94
15618.87 11.48 1426.18 29.98
15635.31 11.48 1420.93 10.85
15651.62 11.35 1417.62 12.82
15668.12 11.48 1416.87 4.43
15684.37 11.43 1412.81 21.70
15700.81 11.52 1416.68 5.01
15717.25 11.49 1415.50 15.10
15733.62 11.35 1416.06 19.53
15750.06 11.50 1416.87 5.96
15766.37 11.43 1420.25 48.14
15782.81 11.52 1417.81 4.52
15799.18 11.51 1417.18 6.97
15815.62 11.35 1419.37 9.58
15832.00 11.48 1415.62 5.91
15848.37 11.43 1411.68 30.03
15864.81 11.52 1414.18 4.43
15881.18 11.51 1415.68 6.16
15897.56 11.35 1416.93 8.33
15914.00 11.48 1414.25 6.25
15930.31 11.48 1422.62 27.93
15946.75 11.30 1415.93 10.49
15963.18 11.51 1414.75 18.31
15979.56 11.35 1414.31 7.82
15995.93 11.46 1416.18 5.75
16012.31 11.48 1411.81 34.42
16028.75 11.30 1413.56 8.50
16045.18 11.51 1416.62 7.86
16061.43 11.38 1422.43 26.48
16077.93 11.46 1414.62 4.34
16094.31 11.48 1414.68 5.08
16110.62 11.35 1415.62 5.39
16127.12 11.48 1415.50 4.21
16143.37 11.43 1416.56 6.04
16159.87 11.48 1415.93 5.07
16176.31 11.48 1416.31 6.38
16192.62 11.35 1416.43 5.09
16209.06 11.50 1416.93 12.31
16225.37 11.43 1416.18 7.84
16241.81 11.52 1415.56 4.78
16258.25 11.49 1412.31 11.26
16274.62 11.35 1411.62 19.92
16291.00 11.48 1410.87 27.13
16307.37 11.43 1416.31 13.95
16323.81 11.52 1412.81 14.89
16340.18 11.51 1418.68 10.39
16356.62 11.35 1419.75 12.29
16373.00 11.48 1416.18 8.34
16389.37 11.43 1417.37 4.77
16405.81 11.52 1417.75 5.60
16422.18 11.51 1412.62 13.35
16438.56 11.35 1417.87 5.16
16454.93 11.46 1419.12 7.16
16471.31 11.48 1412.62 15.85
16487.81 11.52 1416.75 12.03
16504.18 11.51 1419.50 4.57
16520.50 11.39 1419.75 7.15
16536.93 11.46 1415.68 13.66
16553.31 11.48 1422.93 21.40
16569.68 11.30 1420.25 3.88
16586.18 11.51 1422.62 9.57
16602.43 11.44 1425.00 19.45
16618.87 11.48 1416.37 18.74
16635.31 11.48 1419.31 7.97
16651.62 11.35 1423.06 6.89
16668.18 11.51 1421.50 4.98
16684.43 11.44 1421.25 6.82
16700.81 11.52 1421.25 6.16
16717.25 11.49 1418.62 14.83
16733.62 11.35 1415.75 33.47
16750.06 11.51 1421.18 6.76
16766.43 11.44 1428.18 16.06
16782.81 11.52 1423.50 5.01
