1.93 0.24 1425.81 24.46
20.68 8.87 1373.81 36.10
36.87 8.82 1339.12 24.49
53.37 8.69 1291.93 24.54
69.93 9.07 1246.37 30.05
86.18 9.00 1212.37 40.86
102.87 9.09 1158.56 25.45
119.00 9.05 1113.93 24.69
135.50 9.18 1072.18 25.71
151.93 9.07 1029.62 24.00
168.25 8.99 983.31 33.26
184.81 9.11 942.37 25.03
201.06 9.04 902.56 23.97
217.50 8.92 861.43 29.59
234.00 9.06 825.62 27.31
250.25 8.99 780.18 22.80
266.87 9.10 737.93 31.58
283.12 9.03 693.87 26.67
299.50 8.91 659.00 25.03
316.00 9.07 623.37 23.31
332.31 8.98 582.87 31.20
348.75 9.13 547.31 23.02
365.18 9.02 512.87 22.44
381.50 8.92 476.56 34.54
398.06 9.06 441.81 20.34
414.31 8.98 402.93 25.02
430.87 9.11 368.37 26.96
447.12 9.04 341.87 20.53
463.50 8.92 308.75 20.22
480.56 9.10 278.00 22.71
496.62 9.07 246.00 19.86
513.25 9.14 218.75 18.60
529.68 9.05 188.62 21.12
545.87 8.99 170.56 27.93
562.62 9.07 140.12 15.24
578.93 8.99 111.31 20.90
595.43 9.09 86.31 17.31
611.87 9.00 71.18 13.04
628.06 8.94 51.87 12.20
645.06 9.06 31.68 10.53
661.37 8.96 18.93 7.85
677.68 8.88 5.62 4.95
694.31 8.98 5.56 14.74
710.56 8.88 3.37 13.07
727.06 9.02 0.00 0.25
743.56 8.90 0.00 0.25
759.87 8.82 3.06 11.86
776.37 8.97 0.00 0.25
792.75 8.82 3.50 13.56
809.25 8.96 0.00 0.25
825.56 8.90 0.00 0.25
841.87 8.83 0.00 0.25
858.50 8.92 0.00 0.25
874.68 8.85 0.00 0.25
891.25 8.96 0.00 0.25
907.56 8.89 11.81 34.83
923.93 8.81 0.06 0.24
940.56 8.89 1.43 3.32
957.00 8.75 1.81 3.07
973.50 8.89 5.75 4.29
989.81 8.82 16.37 15.49
1006.18 8.70 17.81 8.53
1022.87 8.79 25.43 5.04
1039.12 8.69 37.68 19.30
1055.62 8.84 43.12 25.57
1072.00 9.01 48.31 5.06
1088.31 8.89 56.87 5.72
1104.93 9.02 67.18 7.04
1121.25 8.90 72.00 9.76
1137.56 9.12 86.75 7.91
1154.00 9.01 97.18 7.22
1170.25 8.90 109.18 8.13
1186.81 9.03 121.56 8.14
1203.25 8.90 133.87 11.93
1219.56 9.11 148.31 22.15
1236.00 9.01 159.68 12.48
1252.25 8.90 175.31 12.43
1268.81 9.04 193.62 9.38
1285.18 8.94 218.37 19.99
1301.62 9.09 237.06 36.73
1318.06 8.99 247.50 13.97
1334.31 8.89 264.06 10.89
1350.81 9.04 281.87 15.94
1367.12 8.97 304.25 12.00
1383.75 9.06 326.62 14.31
1400.12 8.97 346.25 12.98
1416.37 8.87 370.18 10.81
1432.87 9.03 396.00 15.60
1449.12 8.97 418.31 13.29
1465.75 9.09 441.25 13.81
1482.18 8.99 465.06 21.62
1498.43 8.89 492.12 13.88
1515.00 9.07 517.06 15.78
1531.31 8.95 542.06 18.96
1547.56 8.85 574.25 15.86
1564.18 8.99 597.25 19.26
1580.75 8.85 629.50 16.09
1597.31 9.00 659.62 16.37
1613.56 8.94 683.68 36.60
1629.87 8.88 720.18 19.87
1646.56 9.02 750.50 17.30
1662.87 8.88 779.50 17.32
1679.31 9.02 810.62 18.07
1695.68 8.97 847.12 18.89
1711.87 8.88 877.75 18.58
1728.50 9.05 907.68 18.30
1745.06 8.88 940.06 26.19
1761.43 9.03 974.75 18.16
1777.87 8.97 1013.50 22.69
1794.18 8.82 1037.56 18.72
1810.87 8.98 1070.75 22.28
1827.00 8.92 1109.93 24.29
1843.50 9.01 1139.50 10.86
1859.93 8.95 1179.50 25.63
1876.18 8.82 1206.00 20.80
1892.81 8.97 1243.68 16.56
1909.00 8.92 1278.75 27.13
1925.50 9.01 1314.37 17.39
1941.93 8.95 1346.43 16.44
1958.25 8.81 1382.00 17.86
1974.87 8.96 1415.00 18.26
1991.06 8.91 1453.12 20.31
2007.43 8.76 1486.12 18.66
2024.06 8.90 1518.68 18.38
2040.31 8.79 1551.43 19.44
2056.87 8.91 1584.31 18.52
2073.31 9.07 1620.31 17.71
2089.56 9.22 1655.06 20.89
2106.18 9.12 1686.37 19.17
2122.43 9.00 1720.00 18.55
2138.87 9.14 1751.75 20.85
2155.31 9.07 1792.62 32.01
2171.56 9.22 1819.68 25.87
2188.18 9.12 1853.93 26.84
2204.43 9.00 1881.93 16.26
2220.87 9.14 1913.43 17.89
2237.18 9.12 1939.56 23.42
2253.56 9.22 1971.00 23.06
2270.18 9.14 2000.62 17.50
2286.37 9.05 2033.18 15.39
2302.87 9.16 2068.56 35.39
2319.25 9.10 2086.37 7.57
2335.68 9.18 2116.37 16.50
2352.12 9.12 2144.93 19.86
2368.43 9.03 2168.31 15.50
2384.93 9.14 2195.25 20.87
2401.31 9.08 2219.87 14.05
2417.62 8.94 2250.93 24.80
2434.18 9.10 2268.93 19.68
2450.43 9.03 2294.50 14.59
2466.93 9.15 2318.25 11.82
2483.37 9.10 2336.18 14.43
2499.62 8.98 2359.43 12.07
2516.18 9.15 2380.37 15.13
2532.56 9.03 2402.18 12.69
2548.93 9.14 2420.81 12.74
2565.50 9.05 2440.18 9.16
2581.75 8.96 2458.93 11.79
2598.25 9.13 2476.56 10.22
2614.62 9.03 2489.43 10.00
2631.12 9.17 2506.75 11.52
2647.56 9.10 2521.06 11.13
2663.81 8.98 2536.31 9.49
2680.37 9.17 2551.75 16.06
2696.62 9.08 2561.75 10.78
2713.12 9.17 2574.06 8.62
2729.50 9.14 2583.12 12.04
2746.12 9.14 2588.62 16.76
2762.68 9.33 2603.18 5.50
2779.00 9.21 2608.18 13.41
2795.62 9.29 2612.31 23.66
2811.93 9.26 2628.87 13.56
2828.18 9.12 2630.25 5.69
2844.81 9.27 2639.50 15.45
2861.06 9.19 2639.87 14.07
2877.37 9.10 2638.93 17.12
2893.93 9.26 2646.68 5.78
2910.18 9.12 2649.81 14.55
2926.68 9.28 2647.62 4.03
2943.06 9.19 2648.68 6.05
2959.37 9.11 2645.62 4.51
2976.00 9.25 2643.87 5.45
2992.25 9.11 2640.50 9.21
3008.81 9.24 2629.37 32.73
3025.25 9.12 2632.31 4.54
3041.43 9.08 2628.00 7.69
3058.12 9.20 2622.50 11.57
3074.37 9.33 2614.31 7.88
3090.93 9.45 2605.81 7.00
3107.25 9.38 2595.68 12.03
3123.68 9.50 2590.56 9.97
3140.18 9.42 2578.18 7.21
3156.37 9.33 2568.37 9.34
3172.93 9.45 2550.06 27.71
3189.25 9.38 2545.75 13.64
3205.62 9.46 2530.18 10.41
3222.12 9.41 2521.75 16.13
3238.37 9.33 2502.25 18.39
3254.93 9.45 2483.87 13.47
3271.25 9.40 2473.37 18.38
3287.56 9.25 2453.18 12.08
3304.18 9.39 2438.43 18.74
3320.43 9.31 2415.06 11.07
3336.87 9.45 2396.75 12.52
3353.25 9.40 2376.18 13.37
3369.56 9.25 2354.12 13.90
3386.12 9.38 2336.43 14.78
3402.50 9.29 2313.68 12.18
3418.93 9.42 2298.43 20.58
3435.31 9.39 2274.81 21.80
3451.56 9.25 2248.81 19.02
3468.25 9.42 2225.12 16.28
3484.56 9.31 2196.50 14.76
3501.00 9.44 2173.50 15.31
3517.37 9.41 2146.18 27.56
3533.62 9.29 2123.68 15.93
3550.25 9.43 2097.12 14.31
3566.56 9.31 2069.12 17.62
3583.12 9.42 2042.37 17.38
3599.50 9.39 2015.06 15.47
3615.68 9.29 1990.62 26.70
3632.37 9.45 1957.43 18.96
3648.68 9.34 1930.12 19.84
3665.12 9.40 1902.56 19.79
3681.56 9.41 1873.50 22.64
3697.75 9.31 1842.75 17.57
3714.37 9.45 1814.31 20.20
3730.62 9.39 1784.12 16.15
3747.00 9.33 1747.87 26.10
3763.62 9.45 1727.43 19.99
3779.81 9.35 1698.00 19.97
3796.43 9.45 1661.00 23.59
3812.75 9.40 1633.68 18.52
3829.00 9.33 1608.87 23.72
3845.68 9.43 1566.06 27.58
3861.87 9.33 1536.68 21.25
3878.31 9.45 1509.37 19.45
3894.75 9.40 1482.75 16.57
3910.93 9.28 1451.87 21.61
3927.68 9.43 1420.81 20.06
3943.87 9.33 1387.62 24.62
3960.43 9.43 1356.68 19.02
3976.75 9.42 1333.12 21.10
3993.00 9.27 1303.37 27.74
4009.75 9.43 1268.37 26.12
4026.00 9.29 1238.93 17.16
4042.50 9.41 1208.93 18.48
4058.87 9.37 1178.12 16.50
4075.25 9.71 1148.81 17.20
4091.81 9.62 1123.12 22.12
4108.12 9.50 1092.81 17.49
4124.56 9.62 1064.62 16.44
4140.93 9.59 1035.12 17.91
4157.18 9.49 1006.50 14.90
4173.81 9.62 974.06 22.73
4190.12 9.50 943.00 29.95
4206.43 9.66 925.06 15.82
4222.93 9.59 902.25 28.08
4239.12 9.50 872.56 15.71
4255.68 9.62 848.31 14.65
4272.12 9.53 819.06 19.91
4288.56 9.63 795.31 16.98
4305.00 9.58 776.12 16.06
4321.18 9.48 747.93 15.74
4337.68 9.60 725.68 13.67
4354.12 9.53 705.37 12.80
4370.56 9.60 681.06 14.53
4387.06 9.56 665.18 21.14
4403.25 9.46 649.37 28.05
4419.75 9.59 616.25 22.53
4436.06 9.56 595.75 15.95
4452.56 9.60 576.18 31.57
4469.12 9.58 563.68 12.27
4485.31 9.48 549.12 15.50
4501.87 9.63 528.18 12.79
4518.12 9.58 514.00 9.27
4534.56 9.66 495.93 10.28
4551.06 9.59 482.25 9.18
4567.37 9.47 468.75 10.38
4583.93 9.62 447.00 15.96
4600.31 9.55 441.18 8.33
4616.50 9.46 427.12 9.85
4633.18 9.62 415.62 9.31
4649.50 9.49 409.81 16.41
4665.93 9.61 396.81 7.75
4682.37 9.57 387.62 7.52
4698.50 9.49 373.00 20.34
4715.12 9.65 373.62 18.96
4731.56 9.63 365.56 7.39
4748.00 9.66 364.50 16.93
4764.50 9.66 349.25 30.36
4780.62 9.58 347.31 6.86
4797.31 9.65 341.12 14.14
4813.62 9.61 339.50 7.67
4830.00 9.68 345.75 25.05
4846.50 9.66 334.00 9.62
4862.68 9.56 337.06 12.05
4879.31 9.65 334.06 8.26
4895.56 9.64 335.68 20.20
4912.06 9.63 336.12 7.07
4928.50 9.66 337.62 10.53
4944.68 9.56 345.56 9.40
4961.25 9.63 342.37 13.21
4977.62 9.63 354.06 14.88
4994.06 9.64 355.00 8.65
5010.56 9.67 363.37 17.05
5026.81 9.53 367.56 11.03
5043.31 9.60 377.12 9.40
5059.81 9.57 383.18 8.37
5076.18 9.84 388.75 16.32
5092.56 9.87 408.31 21.42
5108.93 9.73 414.68 10.23
5125.31 9.81 423.37 9.59
5141.81 9.81 433.68 9.75
5158.06 9.94 444.93 12.10
5174.56 9.87 460.93 9.42
5190.93 9.73 474.43 12.35
5207.31 9.81 488.50 11.93
5223.81 9.81 504.12 12.08
5240.06 9.94 519.50 12.00
5256.50 9.83 528.00 24.77
5272.93 9.77 550.93 13.58
5289.37 9.80 568.43 14.11
5305.81 9.81 585.62 14.02
5322.18 9.91 601.68 17.31
5338.56 9.82 621.68 19.67
5354.93 9.77 641.56 17.13
5371.43 9.78 661.25 17.58
5387.87 9.80 688.75 40.60
5404.25 9.90 701.18 18.06
5420.56 9.78 724.25 15.64
5437.00 9.75 746.00 17.50
5453.43 9.78 770.00 18.65
5469.93 9.82 791.12 17.57
5486.18 9.71 821.00 26.79
5502.62 9.81 842.25 18.81
5519.06 9.77 864.18 20.24
5535.56 9.78 889.75 17.58
5551.93 9.79 911.43 18.95
5568.18 9.70 934.56 15.23
5584.62 9.81 959.56 20.81
5601.06 9.78 985.43 18.76
5617.43 9.89 1012.37 13.56
5634.00 9.86 1038.93 17.00
5650.25 9.72 1056.81 34.37
5666.75 9.85 1092.56 23.48
5683.12 9.80 1118.43 17.51
5699.56 9.85 1143.93 18.79
5715.81 9.83 1167.62 19.03
5732.25 9.83 1198.62 20.88
5748.81 9.89 1225.25 19.30
5765.18 9.85 1251.06 22.09
5781.62 9.90 1279.00 19.23
5798.00 9.91 1306.56 20.79
5814.31 9.81 1332.56 31.76
5830.87 9.84 1362.43 18.67
5847.25 9.83 1388.50 19.66
5863.62 9.89 1417.93 28.26
5880.00 9.91 1442.75 20.68
5896.31 9.81 1474.87 23.06
5912.87 9.84 1498.12 20.01
5929.25 9.83 1516.18 39.29
5945.43 9.74 1545.87 25.07
5962.00 9.91 1578.68 19.49
5978.31 9.81 1604.81 19.83
5994.75 9.83 1629.18 20.63
6011.31 9.81 1657.81 17.65
6027.43 9.73 1685.06 19.00
6044.06 9.88 1709.87 18.87
6060.37 9.80 1734.75 19.59
6076.87 10.07 1761.56 18.74
6093.37 10.06 1780.81 10.82
6109.68 10.15 1808.25 22.56
6126.12 10.04 1834.62 19.80
6142.43 10.01 1853.31 19.07
6158.87 10.07 1881.00 19.10
6175.31 10.03 1905.18 17.12
6191.68 10.15 1930.68 32.79
6208.12 10.04 1951.75 16.78
6224.43 10.01 1969.31 30.52
6240.87 10.07 1994.93 14.32
6257.31 10.03 2016.93 15.60
6273.62 10.20 2034.87 17.07
6290.06 10.02 2059.06 14.25
6306.43 10.01 2078.12 15.09
6322.87 10.07 2096.62 14.51
6339.25 10.04 2116.37 21.50
6355.50 10.01 2134.56 14.26
6372.12 10.01 2148.56 15.56
6388.50 10.00 2173.18 36.03
6404.81 10.12 2186.75 12.48
6421.25 10.08 2206.06 18.41
6437.50 10.00 2216.93 18.85
6454.00 10.01 2235.56 18.31
6470.56 10.02 2240.87 23.45
6486.87 10.15 2264.25 15.86
6503.31 10.10 2274.12 11.23
6519.56 10.02 2284.43 12.69
6536.12 10.09 2301.06 9.87
6552.62 10.01 2310.81 10.03
6568.93 10.13 2319.62 9.78
6585.31 10.04 2332.25 12.47
6601.62 10.01 2340.37 9.87
6618.12 10.09 2349.00 11.28
6634.68 10.03 2356.37 8.88
6651.00 10.15 2365.31 10.28
6667.37 10.07 2371.62 21.24
6683.68 10.03 2375.25 9.17
6700.18 10.11 2374.93 20.09
6716.68 10.03 2384.87 12.69
6733.00 10.26 2392.31 7.92
6749.50 10.16 2392.93 8.61
6765.75 10.08 2393.18 16.49
6782.25 10.16 2399.93 7.85
6798.75 10.08 2400.50 16.09
6814.87 10.06 2404.93 15.52
6831.56 10.15 2401.62 9.34
6847.81 10.07 2400.25 7.03
6864.12 10.18 2393.81 18.11
6880.68 10.13 2393.50 13.33
6896.81 10.07 2394.18 8.97
6913.56 10.15 2389.50 22.81
6929.81 10.07 2383.56 9.23
6946.12 10.18 2382.75 14.92
6962.62 10.14 2381.50 17.04
6978.81 10.07 2365.06 13.18
6995.50 10.10 2360.93 21.65
7011.81 10.07 2356.87 11.47
7028.12 10.18 2350.62 22.81
7044.56 10.15 2337.93 9.56
7061.00 10.04 2325.18 11.76
7077.62 10.31 2317.68 10.24
7093.93 10.27 2305.18 12.98
7110.25 10.40 2293.87 11.21
7126.68 10.35 2285.68 12.76
7143.00 10.27 2272.06 12.94
7159.56 10.28 2257.75 12.91
7175.93 10.27 2248.81 18.59
7192.25 10.40 2233.68 18.60
7208.68 10.35 2215.31 13.43
7225.00 10.27 2205.50 30.13
7241.56 10.28 2183.00 18.44
7257.93 10.27 2169.00 14.44
7274.12 10.46 2156.56 24.30
7290.68 10.35 2136.56 15.12
7306.93 10.27 2118.68 15.44
7323.31 10.38 2099.68 15.17
7339.81 10.34 2081.18 19.45
7356.12 10.46 2063.18 15.44
7372.75 10.35 2043.00 15.49
7389.00 10.27 2029.37 26.94
7405.37 10.37 2004.56 20.00
7421.81 10.33 1982.12 17.22
7438.25 10.45 1962.43 22.17
7454.68 10.30 1937.75 20.06
7471.06 10.29 1919.25 20.12
7487.50 10.43 1895.43 21.71
7503.81 10.38 1881.87 29.02
7520.25 10.26 1849.00 23.40
7536.81 10.31 1833.18 18.73
7553.12 10.28 1806.43 18.70
7569.56 10.42 1787.18 23.53
7585.93 10.35 1760.25 18.38
7602.25 10.27 1736.25 18.36
7618.75 10.29 1720.56 27.27
7635.18 10.31 1690.18 19.13
7651.56 10.46 1666.43 21.23
7668.00 10.38 1638.81 29.92
7684.25 10.30 1619.93 19.09
7700.87 10.34 1595.93 23.58
7717.18 10.31 1576.25 16.46
7733.50 10.54 1545.62 19.37
7750.06 10.43 1522.62 21.19
7766.25 10.36 1500.06 27.08
7782.87 10.51 1473.06 19.09
7799.18 10.42 1451.00 23.35
7815.56 10.52 1423.25 26.65
7832.06 10.43 1401.87 24.99
7848.31 10.35 1376.25 19.69
7864.93 10.44 1353.12 22.03
7881.18 10.42 1328.06 20.39
7897.56 10.52 1303.18 19.69
7914.06 10.43 1279.68 26.57
7930.31 10.35 1255.81 20.63
7946.93 10.44 1231.50 19.47
7963.12 10.42 1207.06 21.37
7979.50 10.31 1186.37 19.66
7996.06 10.43 1162.50 19.60
8012.31 10.35 1141.93 20.27
8028.87 10.41 1120.75 24.19
8045.12 10.42 1092.75 21.19
8061.56 10.31 1073.93 20.19
8078.12 10.43 1050.87 17.44
8094.50 10.55 1031.12 27.89
8110.81 10.48 1000.43 39.39
8127.18 10.42 987.75 17.38
8143.50 10.55 966.12 18.30
8160.12 10.43 947.68 16.50
8176.43 10.55 924.93 25.57
8192.68 10.46 909.75 16.14
8209.18 10.42 890.75 15.31
8225.50 10.55 871.62 16.02
8242.12 10.43 848.43 26.26
8258.43 10.55 836.87 15.35
8274.62 10.52 818.62 16.45
8291.12 10.43 799.50 42.20
8307.50 10.55 787.43 14.22
8324.00 10.43 769.31 14.78
8340.43 10.55 753.68 14.30
8356.62 10.52 740.31 14.54
8373.18 10.42 726.75 12.96
8389.62 10.55 716.81 17.70
8406.06 10.43 700.62 12.59
8422.31 10.36 686.62 12.68
8438.68 10.52 672.62 13.96
8455.18 10.42 661.43 12.67
8471.68 10.57 655.31 12.50
8488.06 10.44 639.75 15.43
8504.37 10.39 633.68 14.14
8520.81 10.58 629.68 20.50
8537.31 10.44 611.56 11.55
8553.68 10.57 605.12 12.80
8570.06 10.48 603.68 18.00
8586.31 10.44 590.81 11.41
8602.75 10.57 585.12 9.97
8619.31 10.44 589.93 28.39
8635.68 10.60 568.25 21.29
8652.06 10.57 572.50 11.36
8668.37 10.47 556.68 23.94
8684.81 10.59 562.75 8.16
8701.37 10.47 560.37 8.18
8717.68 10.60 563.31 14.30
8734.06 10.69 559.43 10.15
8750.43 10.53 554.81 10.03
8766.87 10.65 562.25 13.57
8783.37 10.59 556.56 8.15
8799.81 10.64 556.43 8.71
8816.18 10.67 558.18 11.49
8832.50 10.52 559.93 7.59
8848.93 10.64 566.12 9.70
8865.43 10.58 565.50 13.24
8881.68 10.46 574.00 9.94
8898.12 10.64 574.87 8.48
8914.50 10.52 583.68 9.49
8930.93 10.64 588.06 9.19
8947.43 10.58 593.25 9.34
8963.75 10.44 600.62 10.61
8980.12 10.64 605.18 12.12
8996.50 10.52 615.87 9.73
9012.87 10.64 631.25 19.53
9029.43 10.58 633.06 10.98
9045.56 10.51 644.06 11.66
9062.12 10.61 651.93 17.99
9078.56 10.52 664.68 13.10
9094.93 10.64 679.62 24.52
9111.37 10.66 687.06 18.64
9127.68 10.71 701.62 11.41
9144.06 10.62 721.37 29.01
9160.56 10.52 733.37 22.52
9176.93 10.64 739.75 15.00
9193.31 10.61 749.93 15.33
9209.56 10.52 767.56 13.03
9226.06 10.62 785.06 13.65
9242.56 10.52 794.18 15.96
9258.93 10.64 816.12 16.25
9275.25 10.67 836.00 19.28
9291.56 10.52 846.31 15.36
9308.06 10.62 864.18 16.19
9324.50 10.58 873.50 35.43
9340.93 10.64 901.87 15.82
9357.18 10.64 917.12 17.94
9373.62 10.52 931.12 23.14
9390.06 10.64 955.93 16.56
9406.56 10.58 973.31 16.77
9423.00 10.64 994.62 15.81
9439.25 10.64 1015.43 18.37
9455.62 10.52 1030.81 19.47
9472.12 10.68 1053.62 17.82
9488.62 10.62 1075.06 17.37
9504.87 10.69 1096.00 16.70
9521.31 10.68 1113.81 18.06
9537.68 10.56 1136.00 17.37
9554.12 10.68 1160.93 21.29
9570.56 10.68 1176.31 19.19
9586.93 10.73 1199.18 25.73
9603.25 10.69 1224.62 19.26
9619.68 10.56 1246.43 20.44
9636.18 10.71 1257.75 22.92
9652.56 10.66 1286.12 17.74
9668.81 10.58 1308.00 17.65
9685.37 10.75 1328.56 18.62
9701.75 10.59 1346.68 31.40
9718.12 10.70 1373.25 22.69
9734.56 10.86 1396.93 21.66
9750.87 10.64 1417.56 17.37
9767.37 10.77 1443.06 27.51
9783.75 10.71 1460.87 18.78
9800.18 10.76 1482.56 20.96
9816.56 10.86 1502.75 20.10
9832.81 10.65 1519.06 26.98
9849.37 10.79 1547.18 17.30
9865.75 10.71 1566.43 17.07
9882.18 10.76 1587.75 20.24
9898.56 10.86 1608.25 17.97
9914.81 10.65 1629.87 22.51
9931.25 10.76 1649.93 18.20
9947.75 10.71 1681.93 47.31
9964.12 10.76 1692.18 17.81
9980.56 10.86 1710.56 17.08
9996.81 10.65 1731.50 17.58
10013.25 10.76 1748.43 19.63
10029.75 10.71 1760.50 40.80
10046.06 10.81 1788.81 16.02
10062.50 10.80 1806.31 16.41
10078.87 10.65 1829.37 21.97
10095.25 10.76 1843.62 20.21
10111.68 10.77 1863.25 15.86
10128.00 10.85 1878.43 15.39
10144.50 10.80 1887.50 36.07
10160.87 10.65 1909.81 18.96
10177.18 10.76 1928.75 15.06
10193.62 10.79 1939.18 13.50
10209.93 10.64 1957.62 17.10
10226.43 10.76 1979.62 19.64
10242.87 10.65 1989.00 19.00
10259.18 10.76 2004.87 15.00
10275.62 10.83 2016.68 12.78
10291.87 10.65 2033.12 21.52
10308.43 10.76 2043.62 13.95
10324.81 10.71 2059.93 15.41
10341.18 10.76 2068.18 12.66
10357.62 10.83 2078.75 13.47
10373.93 10.66 2091.25 12.16
10390.31 10.77 2100.75 11.22
10406.81 10.71 2110.75 14.91
10423.31 10.77 2119.87 10.97
10439.68 10.84 2129.75 15.88
10455.93 10.66 2135.75 16.19
10472.43 10.84 2145.00 10.09
10488.87 10.75 2153.75 11.78
10505.31 10.80 2160.62 10.14
10521.62 10.84 2170.50 12.66
10538.00 10.69 2173.37 9.53
10554.43 10.84 2176.25 12.80
10570.81 10.81 2182.43 7.74
10587.18 10.87 2186.31 11.04
10603.62 10.84 2195.56 15.93
10620.00 10.69 2194.06 11.53
10636.43 10.84 2196.62 11.83
10652.87 10.85 2195.12 16.96
10669.18 10.71 2201.06 20.67
10685.68 10.88 2202.50 8.16
10702.06 10.73 2206.31 17.70
10718.43 10.84 2208.25 22.30
10734.87 10.98 2198.93 14.88
10751.18 10.78 2198.31 11.97
10767.81 11.00 2198.50 12.55
10784.06 10.85 2198.25 7.32
10800.50 10.90 2194.50 8.59
10816.87 10.98 2191.81 10.03
10833.18 10.78 2187.56 10.32
10849.75 11.03 2183.25 9.24
10866.00 10.85 2180.87 12.00
10882.50 10.90 2171.62 8.85
10898.87 10.98 2164.06 15.32
10915.12 10.79 2160.00 17.27
10931.62 10.98 2155.68 10.56
10948.00 10.85 2147.00 10.11
10964.43 10.89 2138.00 10.76
10980.81 11.00 2128.43 11.13
10997.12 10.79 2118.62 10.45
11013.56 10.94 2108.50 18.67
11030.00 10.85 2098.75 13.85
11046.37 10.95 2093.06 12.02
11062.81 11.00 2078.31 14.42
11079.12 10.79 2070.81 13.62
11095.50 10.90 2057.75 11.92
11112.00 10.91 2041.75 17.85
11128.37 10.95 2038.37 20.85
11144.81 11.00 2019.06 16.37
11161.12 10.79 2013.12 23.74
11177.50 10.90 1994.00 11.76
11193.93 10.91 1976.68 27.90
11210.31 10.96 1963.00 16.74
11226.81 11.00 1951.12 15.66
11243.12 10.79 1932.18 24.90
11259.50 10.90 1919.62 15.42
11275.87 10.98 1904.00 14.28
11292.31 10.96 1890.62 14.82
11308.81 11.00 1871.06 19.33
11325.06 10.85 1852.87 14.72
11341.50 10.90 1840.43 26.96
11357.87 10.98 1821.87 15.95
11374.18 10.99 1807.68 21.80
11390.68 10.95 1786.31 14.85
11407.06 10.85 1769.87 16.44
11423.50 10.90 1751.87 15.52
11439.81 11.00 1732.25 17.88
11456.12 10.79 1713.31 16.50
11472.56 10.94 1697.37 16.93
11489.12 10.90 1675.75 15.33
11505.56 10.94 1658.18 16.53
11521.87 11.04 1643.06 23.88
11538.18 10.83 1622.06 18.46
11554.56 10.94 1598.62 22.97
11571.06 10.96 1582.75 19.66
11587.50 10.99 1558.81 16.28
11603.81 11.00 1547.37 26.72
11620.18 10.83 1521.93 18.48
11636.62 10.98 1503.06 23.87
11653.06 11.00 1484.18 16.61
11669.56 11.03 1466.00 16.69
11685.87 11.04 1443.81 22.05
11702.25 10.88 1424.75 17.40
11718.62 10.98 1402.75 23.86
11735.06 11.13 1386.81 17.96
11751.56 11.09 1369.31 17.11
11767.87 11.07 1343.31 27.92
11784.25 11.00 1328.81 18.47
11800.68 11.04 1308.75 19.57
11817.06 11.13 1287.81 24.33
11833.50 11.11 1273.00 17.22
11849.87 11.07 1254.43 17.21
11866.25 11.00 1241.62 41.12
11882.68 11.04 1217.12 28.83
11899.00 11.15 1198.43 17.40
11915.37 10.93 1191.87 38.27
11931.81 11.10 1163.62 17.87
11948.25 11.00 1151.56 23.83
11964.68 11.04 1127.18 17.66
11981.00 11.15 1112.12 19.28
11997.31 10.94 1094.18 15.26
12013.87 11.07 1077.37 15.40
12030.25 11.00 1052.37 36.71
12046.62 11.09 1042.37 20.09
12062.93 11.11 1031.37 19.33
12079.31 10.94 1014.43 14.75
12095.87 11.07 998.75 15.07
12112.18 11.06 990.93 22.95
12128.62 11.09 966.75 19.36
12144.93 11.11 958.75 25.35
12161.31 10.94 941.00 14.47
12177.81 11.07 928.12 12.83
12194.12 11.06 915.37 17.17
12210.56 11.09 898.75 21.85
12226.87 11.07 891.00 13.94
12243.31 10.94 882.18 15.69
12259.68 11.04 865.43 18.02
12276.06 11.13 861.81 21.49
12292.56 11.09 841.62 23.71
12308.87 11.07 836.00 12.26
12325.25 11.00 827.43 11.85
12341.68 11.04 819.12 14.28
12358.06 11.13 809.75 26.34
12374.43 11.12 801.25 10.57
12390.87 11.07 796.37 20.42
12407.25 11.00 785.31 10.74
12423.68 11.04 779.31 10.30
12440.06 11.13 777.25 21.32
12456.31 10.94 766.68 14.07
12472.87 11.07 763.81 12.98
12489.25 11.00 758.31 16.59
12505.68 11.04 754.50 12.59
12522.06 11.13 746.12 13.81
12538.31 10.94 744.12 9.15
12554.87 11.07 744.06 9.40
12571.18 11.06 737.18 19.38
12587.62 11.09 738.75 18.08
12604.06 11.13 734.93 6.85
12620.31 10.94 731.81 9.42
12636.81 11.07 731.37 11.84
12653.12 11.06 731.81 9.77
12669.62 11.09 735.56 15.93
12686.00 11.15 733.12 9.78
12702.31 10.94 732.87 10.49
12718.68 11.04 737.68 9.07
12735.12 11.20 738.93 10.27
12751.62 11.16 739.50 9.96
12768.00 11.18 742.50 16.09
12784.31 11.07 744.62 14.43
12800.81 11.18 755.43 14.36
12817.12 11.20 751.31 23.33
12833.56 11.18 763.06 8.71
12849.93 11.14 768.06 9.62
12866.31 11.07 774.68 19.88
12882.81 11.18 774.06 22.56
12899.12 11.20 786.31 11.75
12915.50 10.99 797.12 14.72
12931.93 11.14 803.31 13.64
12948.31 11.07 809.87 12.05
12964.81 11.18 817.12 13.25
12981.12 11.20 825.68 15.19
12997.37 11.01 835.75 13.09
13013.93 11.14 848.56 13.63
13030.31 11.07 858.75 13.01
13046.75 11.23 860.81 23.09
13063.12 11.20 880.31 15.01
13079.37 11.01 890.12 11.59
13095.93 11.14 897.18 17.02
13112.25 11.13 914.43 24.22
13128.68 11.16 926.06 14.59
13145.06 11.22 935.37 16.62
13161.37 11.01 945.06 26.39
13177.81 11.18 963.62 14.42
13194.25 11.13 977.50 18.07
13210.62 11.16 991.31 14.96
13227.00 11.18 1004.50 14.30
13243.37 11.01 1014.81 13.29
13259.81 11.18 1034.12 14.65
13276.18 11.20 1037.31 36.40
13292.62 11.16 1067.31 17.03
13308.93 11.14 1079.37 17.22
13325.31 11.07 1100.81 25.17
13341.81 11.18 1116.25 23.94
13358.18 11.20 1122.56 18.91
13374.56 11.18 1143.87 15.58
13390.93 11.14 1155.31 17.68
13407.31 11.07 1177.81 16.73
13423.81 11.18 1193.43 17.83
13440.12 11.20 1202.00 25.30
13456.43 11.20 1225.75 17.18
13472.93 11.14 1243.31 17.82
13489.31 11.07 1261.75 16.49
13505.81 11.18 1281.00 21.79
13522.12 11.20 1295.00 17.60
13538.43 11.00 1312.87 18.05
13554.93 11.14 1328.12 19.13
13571.25 11.13 1346.75 17.84
13587.68 11.16 1362.12 17.36
13604.12 11.20 1383.31 16.85
13620.43 11.00 1397.93 19.56
13636.81 11.18 1417.93 24.57
13653.25 11.13 1431.25 18.25
13669.68 11.16 1448.18 19.98
13686.06 11.22 1467.31 17.31
13702.43 11.00 1485.93 17.14
13718.81 11.18 1503.87 17.03
13735.25 11.27 1514.00 22.09
13751.81 11.31 1537.25 15.57
13768.12 11.30 1555.93 28.86
13784.37 11.15 1567.00 18.51
13800.87 11.25 1583.43 22.47
13817.25 11.27 1609.12 27.17
13833.68 11.33 1620.50 17.52
13850.06 11.26 1635.31 16.06
13866.37 11.15 1649.31 17.11
13882.87 11.25 1667.50 17.16
13899.18 11.27 1683.00 15.45
13915.68 11.33 1701.18 14.17
13932.06 11.26 1718.43 14.88
13948.37 11.15 1730.06 18.51
13964.87 11.25 1752.37 31.94
13981.18 11.27 1762.50 17.96
13997.50 11.07 1772.06 15.28
14014.00 11.21 1789.75 20.05
14030.37 11.15 1797.31 23.35
14046.81 11.31 1813.62 16.12
14063.18 11.27 1823.12 23.83
14079.56 11.26 1838.06 13.96
14096.00 11.21 1851.37 13.90
14112.31 11.21 1865.56 16.10
14128.81 11.31 1876.50 13.79
14145.12 11.30 1888.00 14.43
14161.56 11.26 1900.68 16.00
14178.00 11.21 1900.62 35.41
14194.31 11.21 1921.56 15.74
14210.81 11.31 1927.68 11.73
14227.12 11.30 1936.00 17.29
14243.50 11.27 1949.12 11.70
14259.93 11.22 1958.43 13.87
14276.25 11.27 1962.68 12.42
14292.75 11.31 1970.43 10.94
14309.06 11.26 1977.93 15.51
14325.37 11.15 1992.68 18.79
14341.93 11.22 1994.81 11.53
14358.25 11.27 2000.68 15.15
14374.75 11.33 2006.75 10.82
14391.06 11.26 2016.25 13.70
14407.37 11.15 2017.68 10.96
14423.87 11.25 2024.00 10.31
14440.18 11.27 2028.62 10.99
14456.62 11.27 2031.56 25.29
14473.00 11.21 2038.43 20.04
14489.37 11.15 2036.31 11.71
14505.87 11.25 2043.75 11.69
14522.18 11.27 2042.56 9.84
14538.62 11.27 2043.31 11.60
14555.00 11.21 2044.25 15.81
14571.31 11.21 2050.93 26.44
14587.81 11.31 2047.12 9.85
14604.18 11.27 2046.81 9.49
14620.56 11.26 2044.62 16.81
14637.00 11.21 2041.81 14.41
14653.31 11.21 2045.43 12.11
14669.81 11.31 2040.62 11.49
14686.12 11.30 2037.50 14.28
14702.50 11.27 2036.12 9.88
14718.93 11.22 2027.43 24.98
14735.31 11.35 2033.75 11.53
14751.87 11.39 2029.81 21.75
14768.18 11.38 2020.75 18.72
14784.50 11.31 2019.43 9.57
14801.06 11.29 2010.00 9.02
14817.31 11.35 2003.81 20.15
14833.81 11.41 2000.06 12.14
14850.18 11.38 1995.12 11.77
14866.43 11.22 1991.37 16.68
14883.00 11.32 1981.31 10.70
14899.25 11.35 1973.25 10.59
14915.81 11.41 1965.93 11.43
14932.12 11.33 1963.87 31.29
14948.43 11.22 1950.12 14.25
14965.00 11.32 1940.43 13.35
14981.25 11.35 1931.75 14.45
14997.75 11.43 1923.06 19.22
15014.06 11.29 1914.68 21.92
15030.43 11.22 1905.50 22.64
15046.87 11.39 1888.00 14.64
15063.25 11.35 1871.81 27.17
15079.68 11.42 1868.87 13.95
15096.06 11.29 1857.50 16.83
15112.37 11.29 1846.06 17.77
15128.87 11.39 1832.75 15.29
15145.18 11.38 1820.18 14.90
15161.62 11.43 1805.31 16.20
15178.06 11.29 1796.31 15.21
15194.37 11.29 1783.93 20.35
15210.87 11.39 1770.31 16.26
15227.18 11.38 1752.56 19.20
15243.56 11.25 1741.68 16.06
15260.06 11.29 1729.12 17.73
15276.31 11.35 1716.00 19.41
15292.87 11.39 1700.31 17.58
15309.18 11.38 1684.62 16.95
15325.43 11.22 1676.18 27.57
15342.06 11.29 1655.56 21.83
15358.31 11.35 1645.12 22.89
15374.81 11.41 1627.50 18.42
15391.12 11.33 1613.56 17.53
15407.43 11.22 1597.12 19.12
15424.00 11.32 1581.06 16.56
15440.31 11.35 1568.06 19.68
15456.75 11.43 1549.56 20.04
15473.12 11.34 1539.00 18.95
15489.43 11.22 1517.62 20.46
15505.93 11.33 1506.25 19.48
15522.25 11.35 1487.81 19.83
15538.68 11.42 1472.93 17.61
15555.12 11.34 1458.37 17.81
15571.37 11.29 1443.37 19.08
15587.87 11.39 1436.81 32.71
15604.25 11.35 1412.00 18.89
15620.68 11.42 1402.62 29.23
15637.12 11.34 1383.25 20.83
15653.37 11.29 1365.56 17.48
15669.87 11.39 1344.81 30.01
15686.18 11.38 1344.81 51.33
15702.62 11.24 1319.87 19.08
15719.06 11.29 1301.06 20.39
15735.31 11.35 1285.75 26.26
15751.87 11.39 1274.50 17.61
15768.18 11.38 1263.12 27.13
15784.56 11.30 1246.06 19.30
15801.06 11.29 1232.25 18.53
15817.31 11.35 1218.50 23.95
15833.81 11.41 1203.43 17.20
15850.18 11.38 1189.37 17.00
15866.50 11.21 1175.18 20.65
15883.00 11.32 1162.37 17.36
15899.31 11.35 1154.75 27.82
15915.81 11.41 1131.62 22.86
15932.18 11.38 1114.18 28.06
15948.43 11.22 1109.25 18.08
15964.93 11.33 1099.93 17.35
15981.25 11.35 1089.43 18.84
15997.68 11.42 1074.37 16.03
16014.18 11.38 1065.93 18.68
16030.43 11.22 1053.06 18.20
16046.87 11.39 1043.06 22.69
16063.31 11.35 1030.06 15.83
16079.68 11.42 1025.75 29.89
16096.12 11.34 1010.25 17.08
16112.37 11.29 1000.00 16.03
16128.87 11.39 987.50 15.10
16145.25 11.38 981.62 14.50
16161.68 11.42 971.37 14.11
16178.06 11.29 964.56 14.68
16194.37 11.29 956.62 13.63
16210.87 11.39 952.06 21.01
16227.25 11.38 942.18 14.70
16243.68 11.42 935.75 11.29
16260.06 11.29 928.31 13.68
16276.31 11.35 921.18 11.90
16292.87 11.39 914.50 12.34
16309.18 11.38 907.56 12.72
16325.56 11.40 902.75 13.80
16342.06 11.29 899.43 16.46
16358.31 11.35 894.50 12.13
16374.81 11.41 890.56 11.62
16391.18 11.38 885.93 13.26
16407.50 11.41 883.43 12.22
16423.93 11.33 880.62 11.25
16440.31 11.35 874.43 18.59
16456.75 11.43 875.06 17.77
16473.18 11.38 875.50 13.84
16489.43 11.22 871.81 13.66
16505.93 11.33 872.12 16.72
16522.31 11.35 868.00 16.87
16538.75 11.43 869.18 14.39
16555.12 11.34 872.75 9.64
16571.37 11.29 869.25 11.86
16587.87 11.39 872.00 12.88
16604.31 11.35 875.18 10.61
16620.75 11.43 880.43 19.54
16637.12 11.33 885.00 24.97
16653.37 11.29 881.87 11.85
16669.87 11.39 883.06 17.75
16686.25 11.38 888.25 15.39
16702.75 11.43 891.56 11.63
16719.12 11.33 894.12 14.55
16735.31 11.35 898.81 12.85
16751.87 11.39 904.18 11.37
16768.18 11.38 908.18 12.77
16784.62 11.48 910.56 13.62
