50.64 0.02 20.20 0.61 19.20 0.57
75.29 0.02 20.00 0.60 18.80 0.56
112.10 0.01 19.60 0.59 17.20 0.52
168.67 0.02 19.60 0.59 15.00 0.45
252.59 0.02 20.00 0.60 13.00 0.39
376.83 0.02 20.00 0.60 9.80 0.29
565.31 0.02 20.00 0.60 6.80 0.20
847.28 0.02 20.20 0.61 5.00 0.15
1.277e3 0.01 20.00 0.60 3.24 0.10
1.916e3 0.01 20.00 0.60 2.20 0.07
2.868e3 0.001 20.00 0.61 1.52 0.05
4.322e3 0.001 20.00 0.60 0.98 0.029
6.472e3 0.001 20.00 0.60 0.663 0.019
9.695e3 0.001 19.60 0.59 0.444 0.013
# 1.459e3 0.001 20.00 0.60 0.312 0.001